2 0.591346 0.518029 0.0288462 0.0264423
2 0.581731 0.515625 0.0240385 0.0216346
24 0.914663 0.596154 0.0456731 0.0673077
9 0.200721 0.484375 0.0168269 0.0216346
0 0.326923 0.536058 0.0144231 0.0480769
0 0.0228365 0.552885 0.0264423 0.0480769
2 0.451923 0.527644 0.0240385 0.0360577
9 0.340144 0.442308 0.0168269 0.0288462
0 0.204327 0.549279 0.0240385 0.0600962
2 0.639423 0.528846 0.0480769 0.0336538
2 0.657452 0.533654 0.0504808 0.0336538
2 0.699519 0.540865 0.0769231 0.0480769
9 0.949519 0.445913 0.0192308 0.0360577
0 0.288462 0.543269 0.0288462 0.0721154
0 0.078125 0.548077 0.0360577 0.0817308
2 0.425481 0.539663 0.0625 0.0504808
0 0.120192 0.580529 0.0480769 0.132212
0 0.930288 0.63101 0.0961538 0.223558
