0 0.899038 0.540865 0.0288462 0.0432692
24 0.430288 0.555288 0.0384615 0.0480769
9 0.675481 0.206731 0.0432692 0.0673077
2 0.990385 0.540865 0.0192308 0.0336538
7 0.71274 0.489183 0.127404 0.0793269
26 0.649038 0.635817 0.0288462 0.0360577
12 0.168269 0.65024 0.0432692 0.117788
1 0.984375 0.617788 0.03125 0.0625
0 0.439904 0.582933 0.0576923 0.146635
0 0.628606 0.59976 0.0504808 0.151442
0 0.515625 0.592548 0.0600962 0.194712
0 0.695913 0.646635 0.112981 0.235577
10 0.405048 0.759615 0.0697115 0.129808
