2 0.441106 0.53125 0.0408654 0.0384615
2 0.584135 0.516827 0.0240385 0.0240385
9 0.338942 0.457933 0.0240385 0.0552885
0 0.566106 0.544471 0.0216346 0.0504808
0 0.941106 0.546875 0.0264423 0.0649038
2 0.637019 0.527644 0.0432692 0.03125
2 0.451923 0.528846 0.0240385 0.0384615
2 0.65625 0.533654 0.0480769 0.0336538
9 0.950721 0.445913 0.0216346 0.0360577
2 0.698317 0.540865 0.0793269 0.0432692
2 0.425481 0.538462 0.0576923 0.0480769
0 0.973558 0.617788 0.0480769 0.168269
2 0.314904 0.585337 0.336538 0.103365
