2 0.438702 0.527644 0.0456731 0.0360577
0 0.294471 0.543269 0.0216346 0.0625
9 0.200721 0.483173 0.0168269 0.0192308
2 0.570913 0.512019 0.0264423 0.0192308
0 0.0276442 0.554087 0.0264423 0.0456731
2 0.451923 0.526442 0.0240385 0.0336538
2 0.466346 0.509615 0.0288462 0.0336538
0 0.225962 0.549279 0.0192308 0.0552885
2 0.582933 0.516827 0.0264423 0.0240385
9 0.340144 0.44351 0.0168269 0.0264423
24 0.43149 0.616587 0.0360577 0.0745192
0 0.966346 0.543269 0.0240385 0.0625
2 0.637019 0.528846 0.0432692 0.0336538
2 0.658654 0.533654 0.0528846 0.0336538
2 0.694712 0.543269 0.0721154 0.0432692
0 0.942308 0.538462 0.0288462 0.0865385
9 0.949519 0.445913 0.0240385 0.0360577
0 0.127404 0.545673 0.0288462 0.0721154
0 0.765625 0.579327 0.0793269 0.120192
2 0.424279 0.539663 0.0600962 0.0504808
1 0.763221 0.621394 0.141827 0.0889423
0 0.078125 0.600962 0.0600962 0.158654
0 0.442308 0.657452 0.0961538 0.233173
