0 0.899038 0.542067 0.0288462 0.0456731
9 0.671875 0.205529 0.0456731 0.0649038
1 0.682692 0.55649 0.0625 0.103365
2 0.433894 0.514423 0.0745192 0.0432692
26 0.649038 0.635817 0.0288462 0.0360577
7 0.711538 0.489183 0.125 0.0793269
12 0.169471 0.649038 0.0456731 0.115385
0 0.682692 0.552885 0.0576923 0.100962
1 0.688702 0.581731 0.09375 0.0769231
0 0.515625 0.592548 0.0600962 0.194712
0 0.628606 0.603365 0.0456731 0.144231
0 0.376202 0.59375 0.09375 0.182692
10 0.405048 0.758413 0.0697115 0.127404
