2 0.603365 0.520433 0.0288462 0.03125
2 0.569712 0.513221 0.0288462 0.0216346
2 0.66226 0.534856 0.0552885 0.0360577
0 0.223558 0.546875 0.0240385 0.0552885
0 0.0216346 0.548077 0.0336538 0.0576923
2 0.581731 0.515625 0.0240385 0.0216346
0 0.248798 0.53726 0.0216346 0.0600962
9 0.340144 0.445913 0.0168269 0.03125
2 0.633413 0.528846 0.0408654 0.0336538
0 0.942308 0.543269 0.0288462 0.0769231
9 0.199519 0.483173 0.0144231 0.0192308
2 0.685096 0.542067 0.0721154 0.0408654
0 0.152644 0.548077 0.0264423 0.0625
2 0.451923 0.527644 0.0240385 0.0360577
9 0.950721 0.445913 0.0216346 0.0360577
2 0.424279 0.539663 0.0600962 0.0504808
0 0.727163 0.614183 0.09375 0.175481
