2 0.604567 0.521635 0.03125 0.0288462
0 0.262019 0.532452 0.0192308 0.0552885
2 0.567308 0.510817 0.0192308 0.0168269
0 0.0216346 0.550481 0.0288462 0.0528846
9 0.200721 0.483173 0.0168269 0.0192308
2 0.591346 0.519231 0.0288462 0.0240385
2 0.582933 0.515625 0.0216346 0.0216346
0 0.513221 0.542067 0.0216346 0.0456731
9 0.340144 0.445913 0.0168269 0.03125
0 0.941106 0.540865 0.0264423 0.0817308
2 0.450721 0.528846 0.0264423 0.0384615
2 0.635817 0.528846 0.0408654 0.0336538
0 0.152644 0.545673 0.0264423 0.0625
2 0.65625 0.533654 0.0480769 0.0336538
9 0.950721 0.447115 0.0216346 0.0336538
2 0.698317 0.540865 0.0745192 0.0432692
2 0.424279 0.539663 0.0600962 0.0504808
