2 0.483173 0.502404 0.0288462 0.0240385
0 0.366587 0.53125 0.0168269 0.0480769
0 0.00841346 0.590144 0.0168269 0.0745192
2 0.473558 0.52524 0.0192308 0.03125
0 0.28726 0.532452 0.0264423 0.0456731
0 0.548077 0.533654 0.0192308 0.0625
9 0.378606 0.453125 0.0168269 0.0216346
2 0.646635 0.526442 0.0432692 0.0288462
2 0.6875 0.536058 0.0673077 0.0384615
9 0.890625 0.454327 0.0168269 0.0288462
0 0.229567 0.538462 0.0216346 0.0576923
2 0.0600962 0.75 0.120192 0.163462
2 0.449519 0.534856 0.0528846 0.0456731
2 0.930288 0.721154 0.139423 0.221154
