2 0.567308 0.510817 0.0192308 0.0168269
0 0.0216346 0.550481 0.0336538 0.0528846
0 0.933894 0.61899 0.122596 0.0889423
1 0.935096 0.590144 0.0913462 0.127404
24 0.901442 0.560096 0.0288462 0.0336538
2 0.590144 0.519231 0.0264423 0.0240385
2 0.639423 0.524038 0.0432692 0.0240385
0 0.324519 0.539663 0.0144231 0.0408654
2 0.582933 0.515625 0.0216346 0.0216346
2 0.451923 0.526442 0.0240385 0.0336538
9 0.200721 0.483173 0.0168269 0.0192308
9 0.340144 0.44351 0.0168269 0.0264423
0 0.134615 0.544471 0.0240385 0.0649038
0 0.295673 0.543269 0.0192308 0.0625
0 0.116587 0.544471 0.03125 0.0745192
2 0.655048 0.53125 0.0600962 0.0288462
0 0.223558 0.552885 0.0192308 0.0528846
2 0.698317 0.540865 0.0793269 0.0432692
9 0.949519 0.445913 0.0192308 0.0360577
0 0.9375 0.582933 0.0817308 0.117788
2 0.425481 0.539663 0.0576923 0.0504808
1 0.932692 0.620192 0.125 0.0865385
0 0.0961538 0.592548 0.0576923 0.151442
0 0.608173 0.647837 0.0913462 0.233173
