2 0.604567 0.520433 0.03125 0.03125
0 0.0240385 0.551683 0.0288462 0.0504808
0 0.804087 0.534856 0.0264423 0.0600962
2 0.592548 0.516827 0.0264423 0.0240385
2 0.567308 0.510817 0.0240385 0.0168269
0 0.225962 0.548077 0.0192308 0.0528846
9 0.200721 0.484375 0.0168269 0.0216346
2 0.582933 0.513221 0.0216346 0.0216346
9 0.340144 0.44351 0.0168269 0.0264423
0 0.942308 0.540865 0.0288462 0.0817308
2 0.429087 0.519231 0.0552885 0.0192308
0 0.27524 0.540865 0.0216346 0.0673077
2 0.634615 0.528846 0.0432692 0.0336538
2 0.65625 0.533654 0.0528846 0.0336538
9 0.950721 0.444712 0.0216346 0.0336538
0 0.15625 0.544471 0.0288462 0.0697115
2 0.698317 0.542067 0.0793269 0.0456731
0 0.316106 0.606971 0.0504808 0.175481
2 0.449519 0.580529 0.3125 0.108173
