2 0.40625 0.510817 0.0673077 0.0360577
0 0.897837 0.538462 0.03125 0.0528846
7 0.711538 0.489183 0.129808 0.0793269
24 0.441106 0.555288 0.03125 0.0432692
24 0.764423 0.603365 0.0625 0.0817308
24 0.762019 0.597356 0.0384615 0.0600962
9 0.673077 0.203125 0.0432692 0.0697115
26 0.649038 0.634615 0.0288462 0.0384615
12 0.168269 0.645433 0.0432692 0.103365
0 0.46274 0.581731 0.0552885 0.144231
0 0.986779 0.608173 0.0264423 0.149038
0 0.628606 0.59976 0.0504808 0.151442
0 0.518029 0.594952 0.0600962 0.189904
0 0.77524 0.645433 0.108173 0.233173
10 0.403846 0.758413 0.0721154 0.127404
