2 0.623798 0.52524 0.0504808 0.03125
0 0.867788 0.61899 0.125 0.09375
2 0.466346 0.510817 0.0288462 0.03125
1 0.870192 0.596154 0.0769231 0.134615
2 0.604567 0.521635 0.03125 0.0288462
0 0.0228365 0.549279 0.03125 0.0552885
2 0.567308 0.510817 0.0240385 0.0168269
0 0.294471 0.545673 0.0216346 0.0625
2 0.451923 0.526442 0.0240385 0.0336538
9 0.340144 0.44351 0.0168269 0.0264423
9 0.200721 0.484375 0.0168269 0.0216346
2 0.582933 0.515625 0.0264423 0.0216346
0 0.979567 0.546875 0.0216346 0.0552885
0 0.225962 0.549279 0.0192308 0.0552885
24 0.536058 0.606971 0.0432692 0.09375
2 0.640625 0.528846 0.0504808 0.0336538
24 0.840144 0.558894 0.0360577 0.0408654
2 0.65625 0.533654 0.0480769 0.0336538
0 0.94351 0.545673 0.0264423 0.0721154
9 0.949519 0.444712 0.0192308 0.0336538
0 0.121394 0.544471 0.03125 0.0697115
2 0.698317 0.540865 0.0793269 0.0432692
0 0.875 0.592548 0.0673077 0.127404
2 0.424279 0.539663 0.0600962 0.0504808
0 0.542067 0.649038 0.112981 0.230769
0 0.0877404 0.594952 0.0552885 0.15625
1 0.86899 0.622596 0.132212 0.0865385
