2 0.581731 0.520433 0.0240385 0.0216346
9 0.359375 0.455529 0.0168269 0.0264423
0 0.546875 0.534856 0.0168269 0.0504808
0 0.861779 0.536058 0.0168269 0.0528846
0 0.00961538 0.572115 0.0192308 0.105769
2 0.620192 0.527644 0.0480769 0.03125
0 0.740385 0.533654 0.0240385 0.0673077
9 0.855769 0.455529 0.0192308 0.03125
0 0.979567 0.548077 0.03125 0.0576923
2 0.658654 0.536058 0.0576923 0.0384615
0 0.21274 0.538462 0.0216346 0.0576923
2 0.429087 0.536058 0.0504808 0.0432692
2 0.895433 0.705529 0.204327 0.257212
2 0.0649038 0.733173 0.129808 0.197115
