0 0.179087 0.544471 0.0216346 0.0504808
2 0.605769 0.520433 0.0288462 0.0264423
2 0.569712 0.512019 0.0240385 0.0192308
0 0.228365 0.548077 0.0192308 0.0528846
9 0.340144 0.444712 0.0168269 0.0288462
9 0.199519 0.483173 0.0144231 0.0192308
2 0.581731 0.515625 0.0240385 0.0216346
0 0.942308 0.544471 0.0288462 0.0745192
2 0.451923 0.527644 0.0240385 0.0360577
0 0.153846 0.548077 0.0240385 0.0625
2 0.635817 0.528846 0.0456731 0.0336538
0 0.257212 0.536058 0.0240385 0.0673077
2 0.65625 0.533654 0.0480769 0.0336538
9 0.950721 0.444712 0.0216346 0.0336538
2 0.0264423 0.581731 0.0528846 0.0721154
2 0.697115 0.540865 0.0721154 0.0432692
2 0.425481 0.539663 0.0576923 0.0504808
0 0.501202 0.615385 0.09375 0.168269
