2 0.604567 0.521635 0.03125 0.0288462
0 0.0252404 0.551683 0.0264423 0.0504808
2 0.566106 0.510817 0.0216346 0.0168269
2 0.591346 0.516827 0.0288462 0.0240385
9 0.200721 0.483173 0.0168269 0.0192308
9 0.340144 0.442308 0.0168269 0.0288462
2 0.581731 0.515625 0.0240385 0.0216346
24 0.16226 0.620192 0.0408654 0.0769231
0 0.942308 0.539663 0.0288462 0.0841346
2 0.639423 0.528846 0.0480769 0.0336538
2 0.657452 0.533654 0.0552885 0.0336538
9 0.950721 0.445913 0.0216346 0.0360577
2 0.699519 0.540865 0.0769231 0.0432692
0 0.143029 0.545673 0.0264423 0.0673077
2 0.424279 0.539663 0.0600962 0.0504808
0 0.497596 0.586538 0.0769231 0.134615
1 0.5 0.620192 0.149038 0.0913462
0 0.1875 0.669471 0.0913462 0.242788
0 0.0793269 0.609375 0.0576923 0.170673
