0 0.0228365 0.551683 0.03125 0.0504808
2 0.638221 0.527644 0.0360577 0.0264423
2 0.457933 0.518029 0.0216346 0.03125
2 0.581731 0.514423 0.0240385 0.0192308
2 0.566106 0.510817 0.0216346 0.0168269
0 0.225962 0.546875 0.0192308 0.0552885
2 0.463942 0.508413 0.0288462 0.0360577
24 0.283654 0.608173 0.0384615 0.0673077
9 0.340144 0.44351 0.0168269 0.03125
9 0.200721 0.484375 0.0168269 0.0216346
2 0.451923 0.527644 0.0240385 0.0360577
24 0.578125 0.551683 0.0360577 0.0360577
2 0.657452 0.532452 0.0600962 0.03125
0 0.942308 0.538462 0.0288462 0.0865385
9 0.950721 0.444712 0.0216346 0.0336538
0 0.139423 0.545673 0.0288462 0.0673077
2 0.698317 0.542067 0.0793269 0.0456731
0 0.603365 0.582933 0.0961538 0.117788
2 0.424279 0.539663 0.0649038 0.0504808
0 0.294471 0.659856 0.09375 0.242788
1 0.615385 0.621394 0.149038 0.0889423
0 0.0769231 0.608173 0.0576923 0.168269
