2 0.592548 0.515625 0.0264423 0.0216346
0 0.889423 0.544471 0.0192308 0.0456731
2 0.582933 0.514423 0.0216346 0.0192308
2 0.465144 0.509615 0.0264423 0.0336538
2 0.567308 0.510817 0.0192308 0.0168269
0 0.0216346 0.549279 0.0288462 0.0552885
0 0.151442 0.614183 0.120192 0.108173
9 0.340144 0.44351 0.0168269 0.0264423
2 0.451923 0.527644 0.0240385 0.0360577
9 0.200721 0.483173 0.0168269 0.0192308
0 0.227163 0.548077 0.0168269 0.0528846
0 0.147837 0.604567 0.0697115 0.161058
2 0.638221 0.528846 0.0456731 0.0336538
0 0.322115 0.536058 0.0144231 0.0432692
0 0.293269 0.548077 0.0240385 0.0625
2 0.658654 0.533654 0.0528846 0.0336538
0 0.942308 0.543269 0.0288462 0.0769231
2 0.990385 0.586538 0.0192308 0.0528846
1 0.153846 0.620192 0.144231 0.0817308
9 0.949519 0.447115 0.0192308 0.0336538
2 0.699519 0.540865 0.0769231 0.0432692
2 0.424279 0.539663 0.0600962 0.0504808
