2 0.465144 0.509615 0.0264423 0.0336538
0 0.0228365 0.552885 0.03125 0.0480769
2 0.591346 0.518029 0.0288462 0.0264423
2 0.581731 0.515625 0.0240385 0.0216346
2 0.567308 0.510817 0.0240385 0.0168269
9 0.340144 0.44351 0.0168269 0.03125
9 0.200721 0.483173 0.0168269 0.0192308
2 0.451923 0.527644 0.0240385 0.0360577
2 0.638221 0.528846 0.0504808 0.0336538
0 0.323317 0.536058 0.0168269 0.0432692
0 0.942308 0.544471 0.0288462 0.0697115
2 0.657452 0.533654 0.0552885 0.0336538
2 0.699519 0.540865 0.0769231 0.0432692
24 0.230769 0.548077 0.0384615 0.0432692
0 0.149038 0.545673 0.0288462 0.0673077
9 0.950721 0.444712 0.0264423 0.0384615
0 0.260817 0.576923 0.0745192 0.120192
2 0.425481 0.539663 0.0625 0.0504808
1 0.266827 0.61899 0.149038 0.0841346
0 0.106971 0.609375 0.0745192 0.170673
