2 0.616587 0.524038 0.03125 0.0336538
2 0.603365 0.521635 0.0288462 0.0288462
0 0.0228365 0.542067 0.03125 0.0697115
2 0.643029 0.528846 0.0456731 0.0336538
0 0.228365 0.546875 0.0192308 0.0552885
2 0.566106 0.510817 0.0216346 0.0168269
9 0.200721 0.483173 0.0168269 0.0192308
2 0.592548 0.518029 0.03125 0.0264423
9 0.340144 0.44351 0.0168269 0.0264423
0 0.248798 0.534856 0.0264423 0.0600962
2 0.581731 0.515625 0.0240385 0.0216346
2 0.451923 0.527644 0.0240385 0.0360577
0 0.152644 0.548077 0.0264423 0.0625
0 0.941106 0.546875 0.0264423 0.0697115
2 0.658654 0.534856 0.0625 0.0408654
9 0.950721 0.447115 0.0216346 0.0336538
2 0.697115 0.539663 0.0817308 0.0456731
2 0.96875 0.590144 0.0625 0.0841346
2 0.424279 0.539663 0.0600962 0.0504808
0 0.78726 0.616587 0.0697115 0.175481
