9 0.391827 0.450721 0.0192308 0.03125
2 0.495192 0.524038 0.0240385 0.0336538
0 0.09375 0.548077 0.0288462 0.0480769
2 0.615385 0.509615 0.0288462 0.0192308
5 0.00961538 0.52524 0.0192308 0.127404
2 0.628606 0.514423 0.0264423 0.0240385
2 0.507212 0.507212 0.0288462 0.0336538
9 0.259615 0.480769 0.0144231 0.0192308
0 0.97476 0.534856 0.03125 0.0841346
2 0.606971 0.508413 0.0216346 0.0168269
0 0.668269 0.539663 0.0240385 0.0456731
9 0.97476 0.445913 0.0216346 0.03125
2 0.686298 0.527644 0.0456731 0.0360577
2 0.472356 0.534856 0.0552885 0.0504808
0 0.534856 0.539663 0.0216346 0.0649038
0 0.301683 0.532452 0.0216346 0.0504808
2 0.734375 0.538462 0.0793269 0.0432692
0 0.219952 0.540865 0.0216346 0.0673077
