9 0.385817 0.453125 0.0264423 0.0216346
0 0.121394 0.545673 0.0216346 0.0384615
0 0.740385 0.536058 0.0240385 0.0480769
2 0.489183 0.509615 0.0264423 0.0336538
0 0.903846 0.539663 0.0192308 0.0504808
2 0.584135 0.510817 0.0192308 0.0168269
2 0.605769 0.518029 0.0240385 0.0216346
0 0.549279 0.53125 0.0168269 0.0576923
0 0.00961538 0.558894 0.0192308 0.146635
2 0.647837 0.526442 0.03125 0.0288462
2 0.661058 0.528846 0.0528846 0.0288462
2 0.689904 0.53726 0.0769231 0.0360577
0 0.234375 0.538462 0.0216346 0.0576923
9 0.90024 0.455529 0.0168269 0.03125
2 0.454327 0.534856 0.0528846 0.0456731
2 0.9375 0.729567 0.125 0.209135
2 0.0516827 0.757212 0.103365 0.149038
