0 0.617788 0.542067 0.0192308 0.0504808
2 0.569712 0.512019 0.0240385 0.0192308
2 0.842548 0.609375 0.0649038 0.15625
2 0.590144 0.519231 0.0264423 0.0240385
0 0.841346 0.608173 0.115385 0.158654
9 0.200721 0.483173 0.0168269 0.0192308
36 0.841346 0.694712 0.0480769 0.0240385
0 0.0444712 0.534856 0.0264423 0.0600962
2 0.581731 0.515625 0.0240385 0.0216346
2 0.657452 0.533654 0.0600962 0.0336538
0 0.228365 0.548077 0.0192308 0.0528846
9 0.340144 0.444712 0.0168269 0.0288462
2 0.451923 0.527644 0.0240385 0.0360577
0 0.153846 0.546875 0.0288462 0.0649038
2 0.643029 0.530048 0.0408654 0.03125
9 0.950721 0.445913 0.0216346 0.0360577
2 0.698317 0.540865 0.0793269 0.0432692
2 0.855769 0.591346 0.283654 0.110577
0 0.840144 0.614183 0.0504808 0.175481
2 0.424279 0.539663 0.0600962 0.0504808
