0 0.320913 0.534856 0.0168269 0.0456731
2 0.591346 0.519231 0.0288462 0.0240385
2 0.466346 0.509615 0.0288462 0.0336538
2 0.581731 0.515625 0.0240385 0.0216346
2 0.4375 0.528846 0.0480769 0.0384615
0 0.0228365 0.552885 0.0264423 0.0480769
2 0.451923 0.527644 0.0240385 0.0360577
0 0.889423 0.533654 0.0144231 0.0480769
9 0.200721 0.484375 0.0168269 0.0216346
9 0.340144 0.44351 0.0168269 0.0264423
0 0.947115 0.543269 0.0240385 0.0769231
0 0.205529 0.554087 0.0216346 0.0504808
24 0.895433 0.603365 0.0408654 0.0769231
2 0.638221 0.528846 0.0504808 0.0336538
2 0.65625 0.533654 0.0528846 0.0336538
2 0.698317 0.540865 0.0745192 0.0432692
0 0.289663 0.545673 0.0264423 0.0673077
0 0.0829327 0.545673 0.03125 0.0817308
9 0.949519 0.444712 0.0240385 0.0336538
2 0.424279 0.539663 0.0600962 0.0504808
0 0.91226 0.639423 0.0745192 0.201923
0 0.117788 0.576923 0.0528846 0.129808
