2 0.460337 0.496394 0.0264423 0.0216346
2 0.438702 0.528846 0.0456731 0.0384615
0 0.0204327 0.549279 0.03125 0.0552885
2 0.567308 0.510817 0.0240385 0.0168269
0 0.308894 0.522837 0.0120192 0.0408654
9 0.200721 0.483173 0.0168269 0.0192308
2 0.450721 0.522837 0.0216346 0.0264423
2 0.582933 0.515625 0.0264423 0.0216346
9 0.341346 0.444712 0.0192308 0.0336538
2 0.634615 0.527644 0.0432692 0.03125
0 0.264423 0.530048 0.0192308 0.0552885
0 0.152644 0.548077 0.0264423 0.0625
2 0.657452 0.534856 0.0504808 0.0360577
2 0.426683 0.53726 0.0649038 0.0504808
5 0.838942 0.53125 0.322115 0.221154
