2 0.604567 0.520433 0.03125 0.0264423
0 0.0216346 0.551683 0.0288462 0.0504808
2 0.591346 0.516827 0.0288462 0.0240385
2 0.567308 0.510817 0.0240385 0.0168269
9 0.200721 0.483173 0.0168269 0.0192308
2 0.581731 0.515625 0.0240385 0.0216346
9 0.340144 0.445913 0.0168269 0.03125
0 0.227163 0.549279 0.0168269 0.0504808
0 0.251202 0.538462 0.0264423 0.0625
0 0.188702 0.540865 0.0216346 0.0625
2 0.451923 0.527644 0.0240385 0.0360577
2 0.698317 0.540865 0.0793269 0.0480769
0 0.941106 0.544471 0.0264423 0.0745192
0 0.153846 0.549279 0.0240385 0.0600962
2 0.635817 0.528846 0.0456731 0.0336538
2 0.657452 0.533654 0.0552885 0.0336538
9 0.950721 0.445913 0.0216346 0.0360577
2 0.424279 0.539663 0.0600962 0.0504808
0 0.573317 0.616587 0.09375 0.170673
