2 0.466346 0.509615 0.0288462 0.0336538
9 0.200721 0.483173 0.0168269 0.0192308
2 0.566106 0.512019 0.0216346 0.0192308
2 0.591346 0.519231 0.0288462 0.0240385
0 0.227163 0.548077 0.0168269 0.0528846
2 0.581731 0.516827 0.0240385 0.0240385
9 0.340144 0.456731 0.0216346 0.0528846
0 0.942308 0.542067 0.0288462 0.0793269
0 0.305288 0.533654 0.0240385 0.0625
2 0.451923 0.527644 0.0240385 0.0360577
2 0.635817 0.527644 0.0456731 0.03125
2 0.65625 0.533654 0.0480769 0.0336538
9 0.950721 0.445913 0.0216346 0.0360577
0 0.543269 0.534856 0.0288462 0.0649038
2 0.698317 0.542067 0.0793269 0.0456731
0 0.258413 0.53125 0.0216346 0.0576923
2 0.424279 0.539663 0.0600962 0.0504808
2 0.134615 0.584135 0.269231 0.105769
