2 0.591346 0.516827 0.0288462 0.0240385
2 0.566106 0.510817 0.0216346 0.0168269
0 0.0228365 0.542067 0.03125 0.0697115
2 0.628606 0.528846 0.03125 0.0336538
2 0.581731 0.515625 0.0240385 0.0216346
9 0.200721 0.483173 0.0168269 0.0192308
9 0.341346 0.445913 0.0144231 0.03125
0 0.94351 0.545673 0.0264423 0.0721154
2 0.451923 0.527644 0.0240385 0.0360577
0 0.248798 0.534856 0.0264423 0.0649038
2 0.659856 0.533654 0.0600962 0.0384615
0 0.153846 0.548077 0.0240385 0.0625
2 0.695913 0.540865 0.0889423 0.0480769
9 0.950721 0.445913 0.0216346 0.0360577
2 0.424279 0.539663 0.0600962 0.0504808
0 0.769231 0.615385 0.0480769 0.173077
