0 0.0228365 0.552885 0.03125 0.0480769
2 0.570913 0.512019 0.0264423 0.0192308
2 0.463942 0.508413 0.0288462 0.0360577
2 0.592548 0.519231 0.0264423 0.0240385
9 0.200721 0.483173 0.0168269 0.0192308
2 0.582933 0.515625 0.0264423 0.0216346
9 0.340144 0.442308 0.0168269 0.0288462
2 0.451923 0.527644 0.0240385 0.0360577
2 0.634615 0.528846 0.0432692 0.0336538
0 0.94351 0.542067 0.0264423 0.0793269
2 0.661058 0.533654 0.0576923 0.0336538
0 0.320913 0.534856 0.0168269 0.0456731
0 0.289663 0.545673 0.0264423 0.0625
0 0.153846 0.544471 0.0288462 0.0697115
9 0.950721 0.444712 0.0216346 0.0336538
2 0.424279 0.539663 0.0600962 0.0504808
2 0.796875 0.584135 0.300481 0.105769
0 0.221154 0.608173 0.0961538 0.168269
