2 0.484375 0.52524 0.0216346 0.0360577
2 0.61899 0.513221 0.03125 0.0168269
2 0.58774 0.507212 0.0216346 0.0144231
9 0.378606 0.444712 0.0168269 0.0240385
2 0.49399 0.50601 0.03125 0.0360577
0 0.347356 0.527644 0.0168269 0.0504808
0 0.540865 0.536058 0.0192308 0.0432692
2 0.673077 0.527644 0.0528846 0.03125
9 0.96875 0.444712 0.0240385 0.0384615
0 0.969952 0.538462 0.0216346 0.0817308
2 0.72476 0.538462 0.0793269 0.0432692
0 0.204327 0.540865 0.0240385 0.0673077
2 0.460337 0.536058 0.0552885 0.0528846
5 0.0552885 0.518029 0.110577 0.199519
