2 0.579327 0.519231 0.0240385 0.0240385
2 0.633413 0.53125 0.0504808 0.0336538
2 0.569712 0.515625 0.0240385 0.0216346
9 0.359375 0.454327 0.0168269 0.0192308
2 0.448317 0.52524 0.0216346 0.03125
0 0.96875 0.550481 0.0288462 0.0528846
0 0.331731 0.534856 0.0144231 0.0360577
0 0.550481 0.539663 0.0192308 0.0456731
2 0.620192 0.526442 0.0384615 0.0288462
2 0.604567 0.52524 0.0408654 0.0264423
0 0.302885 0.527644 0.0192308 0.0504808
2 0.65625 0.534856 0.0625 0.0360577
9 0.850962 0.455529 0.0192308 0.0264423
0 0.0132212 0.569712 0.0264423 0.105769
0 0.215144 0.53726 0.0216346 0.0552885
2 0.426683 0.532452 0.0504808 0.0408654
2 0.0745192 0.72476 0.149038 0.213942
2 0.883413 0.703125 0.233173 0.262019
