26 0.356971 0.605769 0.03125 0.0625
2 0.438702 0.528846 0.0504808 0.0384615
2 0.570913 0.512019 0.0216346 0.0192308
9 0.200721 0.483173 0.0168269 0.0192308
2 0.653846 0.534856 0.0528846 0.0408654
2 0.604567 0.521635 0.0264423 0.0288462
9 0.340144 0.442308 0.0168269 0.0288462
2 0.451923 0.527644 0.0240385 0.0360577
2 0.591346 0.519231 0.0288462 0.0240385
24 0.65625 0.551683 0.0384615 0.0408654
0 0.225962 0.546875 0.0192308 0.0552885
2 0.463942 0.509615 0.0288462 0.0336538
0 0.0228365 0.549279 0.03125 0.0552885
2 0.582933 0.516827 0.0216346 0.0240385
2 0.638221 0.53125 0.0408654 0.0336538
0 0.94351 0.544471 0.0264423 0.0745192
9 0.950721 0.445913 0.0216346 0.0360577
0 0.132212 0.546875 0.0288462 0.0697115
0 0.685096 0.58774 0.0865385 0.112981
2 0.425481 0.539663 0.0576923 0.0504808
1 0.689904 0.621394 0.144231 0.0889423
0 0.078125 0.603365 0.0600962 0.163462
0 0.373798 0.657452 0.137019 0.247596
