2 0.456731 0.518029 0.0240385 0.03125
0 0.209135 0.53726 0.0144231 0.0552885
2 0.605769 0.521635 0.0288462 0.0288462
2 0.463942 0.508413 0.0288462 0.0360577
2 0.566106 0.510817 0.0216346 0.0168269
2 0.591346 0.518029 0.0288462 0.0216346
9 0.340144 0.444712 0.0168269 0.0288462
0 0.251202 0.53726 0.0216346 0.0552885
2 0.581731 0.515625 0.0240385 0.0216346
9 0.200721 0.483173 0.0168269 0.0192308
2 0.451923 0.527644 0.0240385 0.0360577
0 0.152644 0.546875 0.0264423 0.0649038
0 0.225962 0.548077 0.0192308 0.0576923
2 0.634615 0.528846 0.0432692 0.0336538
2 0.651442 0.536058 0.0384615 0.0336538
9 0.950721 0.444712 0.0216346 0.0336538
2 0.703125 0.540865 0.0745192 0.0432692
2 0.424279 0.539663 0.0600962 0.0504808
0 0.68149 0.609375 0.0456731 0.185096
