1 0.0456731 0.548077 0.0432692 0.100962
2 0.0336538 0.509615 0.0673077 0.0576923
2 0.861779 0.542067 0.108173 0.0504808
1 0.0480769 0.570913 0.0240385 0.0552885
9 0.675481 0.201923 0.0384615 0.0673077
7 0.71274 0.486779 0.127404 0.0745192
26 0.649038 0.634615 0.0288462 0.0384615
0 0.046875 0.544471 0.0456731 0.0985577
12 0.169471 0.649038 0.0456731 0.115385
0 0.516827 0.594952 0.0625 0.189904
0 0.627404 0.602163 0.0480769 0.146635
10 0.403846 0.759615 0.0721154 0.129808
2 0.770433 0.563702 0.271635 0.0985577
