9 0.676683 0.209135 0.03125 0.0673077
2 0.425481 0.515625 0.0961538 0.0408654
7 0.711538 0.486779 0.125 0.0745192
0 0.897837 0.539663 0.0264423 0.0456731
0 0.485577 0.584135 0.0673077 0.177885
12 0.169471 0.649038 0.0456731 0.115385
26 0.649038 0.634615 0.0288462 0.0384615
0 0.0252404 0.544471 0.0408654 0.0985577
0 0.990385 0.561298 0.0192308 0.132212
0 0.513221 0.592548 0.0552885 0.194712
0 0.945913 0.536058 0.03125 0.0817308
0 0.629808 0.602163 0.0480769 0.146635
10 0.403846 0.759615 0.0721154 0.129808
