2 0.5625 0.509615 0.0192308 0.0144231
2 0.466346 0.509615 0.0288462 0.0384615
2 0.591346 0.516827 0.0288462 0.0240385
2 0.56851 0.513221 0.0264423 0.0216346
0 0.221154 0.544471 0.0240385 0.0600962
9 0.200721 0.483173 0.0168269 0.0192308
2 0.581731 0.515625 0.0240385 0.0216346
9 0.341346 0.447115 0.0192308 0.0336538
2 0.653846 0.534856 0.0432692 0.0360577
0 0.152644 0.548077 0.0264423 0.0625
0 0.25 0.536058 0.0240385 0.0625
0 0.94351 0.540865 0.0264423 0.0817308
2 0.450721 0.527644 0.0264423 0.0360577
2 0.699519 0.540865 0.0625 0.0432692
2 0.635817 0.528846 0.0408654 0.0336538
9 0.950721 0.445913 0.0216346 0.0360577
2 0.424279 0.539663 0.0600962 0.0504808
0 0.71875 0.615385 0.0817308 0.177885
