2 0.605769 0.513221 0.0288462 0.0216346
2 0.47476 0.516827 0.0264423 0.0336538
9 0.364183 0.441106 0.0216346 0.03125
2 0.581731 0.512019 0.0240385 0.0192308
1 0.953125 0.555288 0.03125 0.0480769
2 0.469952 0.526442 0.0216346 0.0384615
2 0.65024 0.527644 0.0408654 0.03125
2 0.481971 0.507212 0.0264423 0.0336538
0 0.550481 0.543269 0.0240385 0.0625
2 0.669471 0.53125 0.0504808 0.0384615
0 0.299279 0.532452 0.0216346 0.0600962
0 0.330529 0.530048 0.0168269 0.0504808
0 0.954327 0.530048 0.0384615 0.09375
9 0.956731 0.44351 0.0192308 0.0360577
2 0.709135 0.538462 0.0865385 0.0432692
2 0.447115 0.536058 0.0576923 0.0528846
5 0.125 0.518029 0.25 0.21875
