0 0.307692 0.521635 0.0144231 0.0384615
2 0.567308 0.510817 0.0192308 0.0168269
9 0.200721 0.483173 0.0168269 0.0192308
2 0.592548 0.518029 0.0264423 0.0216346
9 0.341346 0.445913 0.0240385 0.03125
2 0.581731 0.515625 0.0240385 0.0216346
0 0.262019 0.532452 0.0192308 0.0552885
0 0.74399 0.530048 0.0264423 0.0600962
2 0.451923 0.527644 0.0240385 0.0360577
0 0.490385 0.542067 0.0240385 0.0504808
2 0.634615 0.528846 0.0432692 0.0336538
0 0.155048 0.546875 0.0264423 0.0649038
0 0.941106 0.546875 0.0264423 0.0697115
2 0.657452 0.533654 0.0504808 0.0336538
2 0.698317 0.540865 0.0745192 0.0432692
9 0.950721 0.445913 0.0216346 0.0360577
2 0.424279 0.539663 0.0600962 0.0504808
