0 0.299279 0.53125 0.0168269 0.0528846
2 0.709135 0.527644 0.0432692 0.0360577
0 0.330529 0.532452 0.0168269 0.0408654
9 0.408654 0.444712 0.0192308 0.0240385
2 0.620192 0.508413 0.0240385 0.0168269
2 0.679087 0.524038 0.0360577 0.0336538
0 0.373798 0.526442 0.0168269 0.0480769
9 0.981971 0.44351 0.0216346 0.0360577
2 0.641827 0.514423 0.0288462 0.0240385
0 0.983173 0.527644 0.0288462 0.09375
2 0.483173 0.533654 0.0528846 0.0480769
2 0.742788 0.536058 0.0817308 0.0432692
0 0.240385 0.53726 0.0240385 0.0649038
