0 0.0216346 0.549279 0.0336538 0.0552885
2 0.567308 0.510817 0.0192308 0.0168269
2 0.466346 0.509615 0.0288462 0.0336538
9 0.199519 0.483173 0.0144231 0.0192308
2 0.582933 0.516827 0.0216346 0.0240385
9 0.340144 0.44351 0.0168269 0.03125
0 0.942308 0.540865 0.0288462 0.0817308
0 0.325721 0.53125 0.0168269 0.0384615
2 0.634615 0.527644 0.0432692 0.03125
2 0.451923 0.527644 0.0240385 0.0360577
2 0.658654 0.533654 0.0528846 0.0336538
2 0.699519 0.540865 0.0769231 0.0432692
9 0.950721 0.445913 0.0216346 0.0360577
2 0.424279 0.538462 0.0552885 0.0528846
0 0.378606 0.610577 0.0600962 0.173077
2 0.229567 0.576923 0.286058 0.110577
