2 0.456731 0.520433 0.0240385 0.03125
2 0.465144 0.510817 0.0264423 0.0360577
2 0.592548 0.518029 0.0264423 0.0216346
0 0.21274 0.552885 0.0216346 0.0480769
9 0.200721 0.483173 0.0168269 0.0192308
2 0.582933 0.515625 0.0216346 0.0216346
0 0.323317 0.536058 0.0168269 0.0480769
2 0.451923 0.527644 0.0240385 0.0360577
0 0.0240385 0.552885 0.0288462 0.0480769
9 0.340144 0.44351 0.0168269 0.0264423
24 0.819712 0.594952 0.0336538 0.0600962
0 0.294471 0.543269 0.0216346 0.0673077
2 0.640625 0.528846 0.0504808 0.0336538
0 0.942308 0.543269 0.0288462 0.0769231
2 0.65625 0.533654 0.0480769 0.0336538
9 0.949519 0.445913 0.0240385 0.0360577
2 0.699519 0.542067 0.0769231 0.0456731
2 0.425481 0.539663 0.0625 0.0504808
0 0.111779 0.584135 0.0504808 0.139423
0 0.836538 0.639423 0.100962 0.216346
