26 0.977163 0.591346 0.0408654 0.0625
2 0.569712 0.512019 0.0240385 0.0192308
0 0.326923 0.53726 0.0144231 0.0456731
0 0.0228365 0.552885 0.0264423 0.0480769
2 0.581731 0.515625 0.0240385 0.0216346
0 0.894231 0.528846 0.0144231 0.0336538
9 0.340144 0.444712 0.0168269 0.0288462
0 0.199519 0.548077 0.0240385 0.0576923
9 0.200721 0.484375 0.0168269 0.0216346
2 0.451923 0.527644 0.0240385 0.0360577
0 0.942308 0.545673 0.0288462 0.0721154
2 0.637019 0.530048 0.0480769 0.03125
2 0.657452 0.533654 0.0504808 0.0336538
2 0.699519 0.542067 0.0769231 0.0456731
9 0.949519 0.445913 0.0240385 0.0360577
0 0.978365 0.637019 0.0432692 0.201923
0 0.0649038 0.549279 0.0336538 0.0889423
2 0.424279 0.539663 0.0600962 0.0504808
0 0.123798 0.573317 0.0456731 0.127404
