9 0.284856 0.480769 0.0120192 0.0192308
2 0.677885 0.524038 0.0336538 0.0288462
0 0.30649 0.527644 0.0216346 0.0552885
2 0.627404 0.508413 0.0240385 0.0168269
0 0.352163 0.521635 0.0168269 0.0480769
2 0.643029 0.510817 0.0264423 0.0168269
0 0.967548 0.530048 0.0216346 0.0841346
9 0.413462 0.456731 0.0192308 0.0432692
0 0.126202 0.540865 0.0264423 0.0528846
0 0.987981 0.528846 0.0240385 0.0865385
0 0.378606 0.527644 0.0168269 0.0504808
9 0.981971 0.44351 0.0264423 0.0360577
2 0.694712 0.526442 0.0336538 0.0336538
0 0.247596 0.538462 0.0240385 0.0625
2 0.489183 0.536058 0.0600962 0.0528846
2 0.75 0.536058 0.0721154 0.0432692
