2 0.594952 0.512019 0.03125 0.0192308
2 0.580529 0.510817 0.0216346 0.0168269
1 0.586538 0.558894 0.0192308 0.0360577
2 0.603365 0.514423 0.0288462 0.0240385
9 0.355769 0.456731 0.0240385 0.0480769
2 0.629808 0.519231 0.0384615 0.0336538
2 0.645433 0.526442 0.0504808 0.0336538
2 0.477163 0.507212 0.03125 0.0336538
2 0.465144 0.528846 0.0216346 0.0384615
0 0.554087 0.539663 0.0216346 0.0600962
2 0.663462 0.530048 0.0576923 0.0360577
0 0.948317 0.538462 0.03125 0.0817308
9 0.954327 0.44351 0.0192308 0.0360577
2 0.706731 0.539663 0.0817308 0.0456731
2 0.436298 0.536058 0.0600962 0.0528846
5 0.165865 0.519231 0.326923 0.225962
