2 0.629808 0.508413 0.0288462 0.0168269
0 0.346154 0.530048 0.0192308 0.0456731
9 0.417067 0.453125 0.0168269 0.03125
2 0.526442 0.504808 0.0288462 0.0336538
2 0.692308 0.524038 0.0432692 0.0288462
2 0.643029 0.510817 0.0264423 0.0168269
0 0.141827 0.542067 0.0240385 0.0504808
2 0.735577 0.533654 0.0913462 0.0432692
2 0.709135 0.528846 0.0576923 0.0336538
0 0.972356 0.526442 0.0360577 0.0913462
9 0.973558 0.444712 0.0192308 0.0288462
0 0.387019 0.527644 0.0144231 0.0456731
0 0.257212 0.536058 0.0240385 0.0625
2 0.49399 0.532452 0.0552885 0.0504808
