9 0.245192 0.487981 0.0192308 0.0192308
0 0.353365 0.538462 0.0192308 0.0528846
2 0.453125 0.52524 0.0216346 0.03125
9 0.361779 0.454327 0.0216346 0.0192308
0 0.889423 0.522837 0.0144231 0.0456731
0 0.103365 0.552885 0.0240385 0.0528846
0 0.545673 0.533654 0.0144231 0.0432692
0 0.865385 0.536058 0.0192308 0.0528846
2 0.628606 0.527644 0.0408654 0.03125
0 0.989183 0.550481 0.0216346 0.0576923
2 0.66226 0.536058 0.0697115 0.0384615
9 0.861779 0.455529 0.0168269 0.0264423
0 0.215144 0.538462 0.0216346 0.0576923
2 0.430288 0.533654 0.0528846 0.0432692
2 0.902644 0.706731 0.194712 0.254808
2 0.0612981 0.735577 0.122596 0.192308
