2 0.658654 0.533654 0.0576923 0.0336538
0 0.0252404 0.539663 0.03125 0.0697115
9 0.200721 0.483173 0.0168269 0.0192308
2 0.567308 0.510817 0.0240385 0.0168269
9 0.340144 0.445913 0.0168269 0.03125
2 0.582933 0.516827 0.0264423 0.0240385
2 0.451923 0.527644 0.0240385 0.0360577
0 0.152644 0.548077 0.0264423 0.0625
2 0.641827 0.53125 0.0480769 0.0336538
2 0.697115 0.542067 0.0817308 0.0456731
9 0.950721 0.444712 0.0216346 0.0336538
2 0.423077 0.539663 0.0625 0.0504808
2 0.942308 0.591346 0.115385 0.100962
0 0.799279 0.611779 0.09375 0.180288
