2 0.592548 0.518029 0.0264423 0.0216346
2 0.56851 0.512019 0.0216346 0.0192308
2 0.463942 0.508413 0.0288462 0.0360577
2 0.582933 0.514423 0.0216346 0.0192308
9 0.200721 0.483173 0.0168269 0.0192308
9 0.340144 0.442308 0.0168269 0.0288462
2 0.451923 0.526442 0.0240385 0.0336538
0 0.324519 0.534856 0.0192308 0.0456731
2 0.637019 0.528846 0.0480769 0.0336538
0 0.290865 0.545673 0.0240385 0.0625
2 0.657452 0.533654 0.0504808 0.0336538
2 0.699519 0.542067 0.0769231 0.0456731
9 0.950721 0.445913 0.0216346 0.0360577
0 0.153846 0.544471 0.0288462 0.0697115
2 0.425481 0.539663 0.0625 0.0504808
0 0.207933 0.610577 0.0697115 0.168269
2 0.865385 0.582933 0.269231 0.108173
