0 0.165865 0.521635 0.0192308 0.0336538
2 0.570913 0.512019 0.0216346 0.0192308
2 0.582933 0.515625 0.0216346 0.0216346
9 0.340144 0.447115 0.0168269 0.0336538
9 0.200721 0.483173 0.0168269 0.0192308
2 0.451923 0.526442 0.0240385 0.0336538
0 0.942308 0.542067 0.0288462 0.0793269
2 0.65625 0.533654 0.0528846 0.0336538
2 0.638221 0.528846 0.0456731 0.0336538
2 0.698317 0.540865 0.0793269 0.0432692
0 0.262019 0.534856 0.0192308 0.0552885
9 0.949519 0.445913 0.0240385 0.0360577
2 0.427885 0.538462 0.0625 0.0480769
0 0.423077 0.615385 0.0817308 0.168269
2 0.141827 0.576923 0.283654 0.110577
