0 0.942308 0.543269 0.0240385 0.0769231
2 0.566106 0.510817 0.0216346 0.0168269
9 0.340144 0.445913 0.0168269 0.03125
9 0.200721 0.483173 0.0168269 0.0192308
2 0.639423 0.527644 0.0480769 0.03125
2 0.584135 0.515625 0.0288462 0.0216346
2 0.451923 0.527644 0.0240385 0.0360577
2 0.657452 0.532452 0.0600962 0.0360577
0 0.152644 0.548077 0.0264423 0.0625
2 0.699519 0.542067 0.0769231 0.0456731
9 0.950721 0.445913 0.0216346 0.0360577
2 0.424279 0.539663 0.0600962 0.0504808
0 0.752404 0.615385 0.0528846 0.173077
