9 0.375 0.445913 0.0192308 0.0216346
2 0.608173 0.513221 0.0240385 0.0216346
0 0.305288 0.53125 0.0240385 0.0576923
2 0.616587 0.516827 0.0264423 0.0240385
0 0.542067 0.530048 0.0168269 0.0360577
2 0.591346 0.509615 0.0240385 0.0192308
2 0.489183 0.504808 0.0264423 0.0384615
2 0.659856 0.52524 0.0456731 0.03125
0 0.219952 0.533654 0.0216346 0.0625
0 0.963942 0.53125 0.0288462 0.0913462
2 0.677885 0.530048 0.0528846 0.03125
9 0.965144 0.444712 0.0216346 0.0336538
0 0.198317 0.542067 0.0216346 0.0697115
0 0.342548 0.528846 0.0168269 0.0528846
2 0.719952 0.538462 0.0793269 0.0432692
2 0.454327 0.536058 0.0576923 0.0528846
5 0.0721154 0.515625 0.144231 0.204327
