9 0.40024 0.450721 0.0216346 0.0264423
2 0.621394 0.512019 0.0264423 0.0192308
2 0.508413 0.504808 0.03125 0.0336538
2 0.604567 0.508413 0.0216346 0.0168269
0 0.549279 0.533654 0.0168269 0.0528846
0 0.00841346 0.585337 0.0168269 0.09375
0 0.929087 0.536058 0.0216346 0.0576923
2 0.68149 0.527644 0.0504808 0.03125
9 0.929087 0.449519 0.0168269 0.0336538
0 0.247596 0.536058 0.0240385 0.0625
2 0.71875 0.534856 0.0817308 0.0360577
2 0.967548 0.74399 0.0649038 0.170673
2 0.472356 0.532452 0.0552885 0.0456731
2 0.0396635 0.780048 0.0793269 0.108173
