2 0.671875 0.522837 0.0408654 0.03125
0 0.128606 0.534856 0.03125 0.0552885
2 0.5 0.522837 0.0288462 0.03125
0 0.38101 0.52524 0.0168269 0.0456731
0 0.941106 0.533654 0.0264423 0.0673077
2 0.71274 0.530048 0.0649038 0.0360577
0 0.360577 0.527644 0.0240385 0.0456731
9 0.408654 0.447115 0.0192308 0.0240385
2 0.686298 0.526442 0.0456731 0.0336538
2 0.983173 0.765625 0.0336538 0.132212
9 0.942308 0.444712 0.0192308 0.0240385
0 0.548077 0.534856 0.0192308 0.0600962
2 0.481971 0.53125 0.0456731 0.0432692
0 0.251202 0.534856 0.0216346 0.0600962
2 0.0384615 0.78726 0.0769231 0.09375
