0 0.0228365 0.551683 0.03125 0.0504808
2 0.456731 0.518029 0.0240385 0.0360577
2 0.605769 0.522837 0.0288462 0.03125
2 0.591346 0.519231 0.0288462 0.0240385
2 0.567308 0.510817 0.0240385 0.0168269
0 0.227163 0.548077 0.0216346 0.0528846
2 0.582933 0.515625 0.0216346 0.0216346
2 0.465144 0.508413 0.03125 0.0360577
9 0.200721 0.483173 0.0168269 0.0192308
9 0.340144 0.44351 0.0168269 0.0264423
2 0.451923 0.527644 0.0240385 0.0360577
0 0.908654 0.539663 0.0192308 0.0600962
2 0.635817 0.528846 0.0456731 0.0336538
0 0.147837 0.545673 0.0264423 0.0673077
0 0.94351 0.542067 0.0264423 0.0793269
2 0.657452 0.533654 0.0504808 0.0336538
24 0.266827 0.551683 0.0432692 0.0360577
9 0.950721 0.445913 0.0216346 0.0360577
2 0.699519 0.540865 0.0769231 0.0432692
0 0.302885 0.591346 0.0817308 0.120192
2 0.424279 0.539663 0.0600962 0.0504808
1 0.307692 0.621394 0.153846 0.0889423
0 0.104567 0.609375 0.0745192 0.165865
