2 0.592548 0.516827 0.0264423 0.0240385
0 0.0240385 0.552885 0.0288462 0.0480769
2 0.582933 0.514423 0.0216346 0.0192308
2 0.567308 0.509615 0.0192308 0.0144231
9 0.340144 0.44351 0.0168269 0.0264423
0 0.201923 0.614183 0.115385 0.09375
2 0.451923 0.526442 0.0240385 0.0336538
9 0.200721 0.483173 0.0168269 0.0192308
0 0.893029 0.543269 0.0264423 0.0528846
0 0.293269 0.546875 0.0240385 0.0649038
2 0.638221 0.530048 0.0456731 0.03125
0 0.322115 0.536058 0.0144231 0.0432692
0 0.942308 0.544471 0.0288462 0.0745192
2 0.657452 0.533654 0.0504808 0.0336538
0 0.1875 0.574519 0.0625 0.0961538
9 0.949519 0.444712 0.0192308 0.0336538
2 0.698317 0.540865 0.0793269 0.0432692
2 0.424279 0.539663 0.0600962 0.0504808
1 0.204327 0.615385 0.120192 0.0913462
0 0.13101 0.609375 0.0504808 0.170673
