2 0.669471 0.520433 0.03125 0.0264423
2 0.680288 0.524038 0.0384615 0.0288462
0 0.354567 0.52524 0.0168269 0.0456731
0 0.340144 0.528846 0.0168269 0.0432692
9 0.415865 0.459135 0.0240385 0.0432692
2 0.627404 0.508413 0.0240385 0.0168269
2 0.645433 0.513221 0.0264423 0.0216346
9 0.975962 0.44351 0.0192308 0.03125
0 0.387019 0.527644 0.0144231 0.0456731
0 0.97476 0.528846 0.03125 0.0865385
2 0.706731 0.528846 0.0480769 0.0336538
2 0.491587 0.536058 0.0552885 0.0528846
2 0.748798 0.536058 0.0697115 0.0432692
0 0.258413 0.53726 0.0216346 0.0649038
