2 0.453125 0.527644 0.0408654 0.0408654
1 0.948317 0.554087 0.0264423 0.0504808
0 0.573317 0.540865 0.0360577 0.0673077
2 0.596154 0.515625 0.0288462 0.0216346
2 0.463942 0.527644 0.0240385 0.0360577
2 0.645433 0.527644 0.0408654 0.03125
0 0.558894 0.53726 0.0216346 0.0600962
9 0.354567 0.44351 0.0216346 0.03125
1 0.572115 0.55649 0.0432692 0.0360577
2 0.473558 0.50601 0.0288462 0.0360577
0 0.948317 0.53125 0.0360577 0.0913462
2 0.66226 0.530048 0.0552885 0.0360577
9 0.951923 0.44351 0.0192308 0.0360577
2 0.707933 0.539663 0.0793269 0.0456731
2 0.433894 0.53726 0.0600962 0.0504808
5 0.180288 0.520433 0.355769 0.228365
