9 0.200721 0.483173 0.0168269 0.0192308
2 0.620192 0.526442 0.0480769 0.0336538
2 0.569712 0.513221 0.0240385 0.0216346
0 0.627404 0.560096 0.0288462 0.0336538
2 0.605769 0.522837 0.0288462 0.03125
2 0.838942 0.545673 0.0817308 0.0384615
9 0.340144 0.444712 0.0168269 0.0288462
0 0.152644 0.548077 0.0264423 0.0625
2 0.581731 0.516827 0.0240385 0.0240385
2 0.451923 0.527644 0.0240385 0.0360577
2 0.637019 0.528846 0.0432692 0.0288462
2 0.65625 0.534856 0.0480769 0.03125
9 0.949519 0.445913 0.0240385 0.0360577
2 0.697115 0.542067 0.0817308 0.0456731
2 0.424279 0.539663 0.0600962 0.0504808
2 0.929087 0.592548 0.141827 0.0985577
0 0.808894 0.616587 0.0841346 0.170673
