2 0.591346 0.515625 0.0288462 0.0216346
2 0.567308 0.510817 0.0240385 0.0168269
24 0.30649 0.552885 0.0360577 0.0384615
2 0.465144 0.509615 0.03125 0.0336538
2 0.581731 0.514423 0.0240385 0.0192308
0 0.227163 0.548077 0.0168269 0.0528846
9 0.340144 0.442308 0.0168269 0.0288462
9 0.200721 0.483173 0.0168269 0.0192308
2 0.451923 0.527644 0.0240385 0.0360577
0 0.913462 0.542067 0.0192308 0.0552885
2 0.639423 0.530048 0.0480769 0.03125
2 0.657452 0.533654 0.0552885 0.0336538
0 0.146635 0.545673 0.0240385 0.0625
2 0.699519 0.540865 0.0769231 0.0432692
0 0.94351 0.545673 0.0264423 0.0721154
9 0.949519 0.445913 0.0240385 0.0360577
0 0.0252404 0.679087 0.0504808 0.247596
0 0.342548 0.585337 0.0745192 0.132212
2 0.424279 0.539663 0.0600962 0.0504808
1 0.344952 0.61899 0.151442 0.0889423
0 0.100962 0.609375 0.0673077 0.170673
