0 0.0228365 0.551683 0.03125 0.0504808
2 0.466346 0.510817 0.0288462 0.0360577
2 0.65625 0.526442 0.0625 0.0240385
9 0.200721 0.483173 0.0168269 0.0192308
2 0.588942 0.518029 0.0288462 0.0264423
2 0.699519 0.530048 0.0576923 0.0216346
9 0.340144 0.445913 0.0168269 0.03125
0 0.313702 0.519231 0.0120192 0.0384615
0 0.941106 0.543269 0.0264423 0.0769231
0 0.225962 0.548077 0.0192308 0.0528846
2 0.451923 0.528846 0.0240385 0.0384615
0 0.153846 0.546875 0.0288462 0.0649038
9 0.950721 0.445913 0.0216346 0.0360577
0 0.258413 0.538462 0.03125 0.0673077
2 0.424279 0.539663 0.0600962 0.0504808
0 0.873798 0.617788 0.0985577 0.173077
2 0.705529 0.58774 0.324519 0.103365
