0 0.0264423 0.554087 0.0240385 0.0456731
2 0.467548 0.510817 0.0264423 0.03125
2 0.569712 0.512019 0.0240385 0.0192308
2 0.590144 0.519231 0.0264423 0.0240385
2 0.449519 0.527644 0.0288462 0.0360577
9 0.200721 0.481971 0.0168269 0.0216346
0 0.890625 0.528846 0.0168269 0.0480769
2 0.581731 0.515625 0.0240385 0.0216346
9 0.340144 0.44351 0.0168269 0.0264423
2 0.634615 0.528846 0.0432692 0.0336538
0 0.201923 0.546875 0.0240385 0.0600962
2 0.658654 0.533654 0.0528846 0.0336538
9 0.949519 0.445913 0.0240385 0.0360577
2 0.699519 0.540865 0.0769231 0.0432692
0 0.28726 0.543269 0.0264423 0.0721154
0 0.0745192 0.546875 0.0336538 0.0793269
2 0.424279 0.539663 0.0600962 0.0504808
0 0.122596 0.575721 0.0480769 0.132212
0 0.947115 0.635817 0.0865385 0.204327
