2 0.65625 0.538462 0.0336538 0.0625
9 0.252404 0.481971 0.0144231 0.0216346
0 0.0877404 0.549279 0.0264423 0.0456731
0 0.954327 0.533654 0.0240385 0.0865385
2 0.603365 0.510817 0.0240385 0.0168269
9 0.389423 0.448317 0.0192308 0.03125
0 0.322115 0.524038 0.0192308 0.0480769
2 0.504808 0.50601 0.0288462 0.03125
2 0.621394 0.514423 0.0264423 0.0240385
0 0.21274 0.542067 0.0216346 0.0649038
0 0.657452 0.538462 0.03125 0.0576923
0 0.53726 0.538462 0.0216346 0.0625
0 0.353365 0.528846 0.0192308 0.0480769
0 0.972356 0.532452 0.0264423 0.0889423
2 0.686298 0.528846 0.0456731 0.0336538
2 0.465144 0.53726 0.0552885 0.0504808
0 0.299279 0.533654 0.0216346 0.0528846
9 0.972356 0.444712 0.0216346 0.0384615
5 0.0228365 0.516827 0.0456731 0.168269
2 0.730769 0.538462 0.0769231 0.0432692
