2 0.635817 0.530048 0.0504808 0.0360577
2 0.582933 0.515625 0.0264423 0.0216346
2 0.567308 0.510817 0.0240385 0.0168269
9 0.200721 0.483173 0.0168269 0.0192308
9 0.341346 0.444712 0.0192308 0.0288462
2 0.664663 0.533654 0.0985577 0.0384615
0 0.0552885 0.53125 0.0192308 0.0528846
2 0.451923 0.527644 0.0240385 0.0360577
0 0.227163 0.549279 0.0216346 0.0552885
0 0.941106 0.546875 0.0264423 0.0697115
0 0.25601 0.536058 0.0264423 0.0673077
0 0.152644 0.546875 0.0264423 0.0649038
9 0.950721 0.445913 0.0216346 0.0360577
2 0.424279 0.539663 0.0600962 0.0504808
0 0.86899 0.617788 0.0985577 0.168269
2 0.763221 0.588942 0.334135 0.100962
