0 0.0228365 0.551683 0.0264423 0.0504808
2 0.566106 0.510817 0.0216346 0.0168269
2 0.591346 0.516827 0.0288462 0.0240385
0 0.225962 0.550481 0.0192308 0.0480769
2 0.689904 0.539663 0.0721154 0.0408654
2 0.581731 0.515625 0.0240385 0.0216346
9 0.340144 0.444712 0.0168269 0.0288462
9 0.200721 0.483173 0.0168269 0.0192308
0 0.252404 0.53726 0.0240385 0.0649038
0 0.941106 0.544471 0.0264423 0.0745192
2 0.637019 0.528846 0.0480769 0.0336538
0 0.153846 0.549279 0.0240385 0.0600962
2 0.658654 0.533654 0.0528846 0.0336538
2 0.451923 0.528846 0.0240385 0.0384615
9 0.950721 0.445913 0.0216346 0.0360577
2 0.424279 0.539663 0.0600962 0.0504808
0 0.55649 0.614183 0.0745192 0.170673
