0 0.227163 0.548077 0.0168269 0.0528846
2 0.605769 0.521635 0.0288462 0.0288462
2 0.569712 0.512019 0.0240385 0.0192308
0 0.15625 0.538462 0.0240385 0.0528846
9 0.340144 0.444712 0.0168269 0.0288462
9 0.200721 0.484375 0.0168269 0.0216346
2 0.581731 0.516827 0.0240385 0.0240385
0 0.170673 0.538462 0.0192308 0.0625
0 0.259615 0.539663 0.0192308 0.0600962
0 0.942308 0.543269 0.0288462 0.0769231
2 0.699519 0.540865 0.0769231 0.0432692
2 0.635817 0.528846 0.0456731 0.0336538
2 0.658654 0.533654 0.0528846 0.0336538
9 0.949519 0.445913 0.0192308 0.0360577
2 0.423077 0.538462 0.0576923 0.0480769
0 0.455529 0.610577 0.0504808 0.177885
2 0.0805288 0.574519 0.161058 0.110577
