2 0.605769 0.521635 0.0288462 0.0288462
2 0.591346 0.516827 0.0288462 0.0240385
0 0.146635 0.533654 0.0192308 0.0480769
2 0.465144 0.509615 0.0264423 0.0336538
2 0.567308 0.510817 0.0192308 0.0168269
2 0.581731 0.515625 0.0240385 0.0216346
24 0.0372596 0.549279 0.0360577 0.0360577
9 0.340144 0.442308 0.0168269 0.0288462
2 0.451923 0.527644 0.0240385 0.0360577
9 0.200721 0.483173 0.0168269 0.0192308
0 0.227163 0.548077 0.0216346 0.0528846
0 0.323317 0.536058 0.0168269 0.0432692
0 0.294471 0.544471 0.0216346 0.0697115
2 0.637019 0.528846 0.0480769 0.0336538
2 0.658654 0.533654 0.0528846 0.0336538
9 0.949519 0.444712 0.0240385 0.0384615
2 0.699519 0.540865 0.0769231 0.0480769
0 0.0709135 0.579327 0.0697115 0.120192
2 0.425481 0.539663 0.0625 0.0504808
1 0.0805288 0.615385 0.141827 0.0865385
2 0.950721 0.586538 0.0985577 0.105769
0 0.161058 0.608173 0.0721154 0.168269
