0 0.0216346 0.549279 0.0288462 0.0552885
2 0.566106 0.510817 0.0216346 0.0168269
2 0.581731 0.514423 0.0192308 0.0192308
2 0.465144 0.508413 0.03125 0.0360577
9 0.199519 0.483173 0.0144231 0.0192308
0 0.942308 0.539663 0.0288462 0.0841346
9 0.340144 0.444712 0.0168269 0.0288462
2 0.451923 0.527644 0.0240385 0.0360577
2 0.637019 0.528846 0.0432692 0.0336538
0 0.15625 0.545673 0.0288462 0.0673077
2 0.65625 0.533654 0.0480769 0.0336538
9 0.950721 0.445913 0.0216346 0.0360577
2 0.698317 0.540865 0.0745192 0.0432692
2 0.328125 0.578125 0.310096 0.112981
2 0.425481 0.533654 0.0576923 0.0432692
0 0.356971 0.614183 0.0889423 0.165865
