0 0.902644 0.542067 0.03125 0.0456731
2 0.421875 0.514423 0.0985577 0.0432692
0 0.862981 0.594952 0.125 0.09375
0 0.512019 0.59375 0.0480769 0.1875
7 0.711538 0.487981 0.125 0.0769231
24 0.390625 0.555288 0.0408654 0.0432692
26 0.649038 0.634615 0.0288462 0.0384615
12 0.169471 0.645433 0.0456731 0.103365
0 0.856971 0.5625 0.0649038 0.125
0 0.413462 0.581731 0.0480769 0.144231
0 0.629808 0.602163 0.0480769 0.146635
1 0.862981 0.597356 0.129808 0.0889423
10 0.403846 0.759615 0.0721154 0.129808
0 0.534856 0.606971 0.0841346 0.209135
