0 0.252404 0.53726 0.0240385 0.0600962
0 0.0216346 0.551683 0.0288462 0.0504808
2 0.591346 0.516827 0.0288462 0.0240385
2 0.566106 0.510817 0.0216346 0.0168269
2 0.463942 0.509615 0.0288462 0.0336538
0 0.227163 0.548077 0.0168269 0.0528846
9 0.200721 0.483173 0.0168269 0.0192308
2 0.640625 0.526442 0.0456731 0.0288462
2 0.581731 0.515625 0.0240385 0.0216346
0 0.153846 0.549279 0.0240385 0.0600962
9 0.340144 0.444712 0.0168269 0.0288462
2 0.451923 0.527644 0.0240385 0.0360577
2 0.655048 0.53125 0.0552885 0.0288462
0 0.942308 0.545673 0.0288462 0.0721154
2 0.69351 0.539663 0.0889423 0.0408654
9 0.949519 0.444712 0.0240385 0.0336538
2 0.424279 0.539663 0.0600962 0.0504808
0 0.627404 0.614183 0.0625 0.170673
