2 0.590144 0.515625 0.0264423 0.0216346
2 0.582933 0.514423 0.0216346 0.0192308
2 0.465144 0.509615 0.0264423 0.0336538
0 0.323317 0.536058 0.0168269 0.0432692
2 0.451923 0.526442 0.0240385 0.0336538
9 0.340144 0.44351 0.0168269 0.0264423
9 0.200721 0.483173 0.0168269 0.0192308
2 0.640625 0.528846 0.0504808 0.0336538
0 0.227163 0.549279 0.0216346 0.0552885
0 0.151442 0.543269 0.0288462 0.0721154
2 0.65625 0.533654 0.0528846 0.0336538
0 0.292067 0.548077 0.0264423 0.0625
2 0.698317 0.540865 0.0793269 0.0432692
9 0.949519 0.445913 0.0240385 0.0360577
0 0.0192308 0.575721 0.0384615 0.137019
2 0.424279 0.539663 0.0600962 0.0504808
1 0.0384615 0.611779 0.0769231 0.0889423
0 0.179087 0.609375 0.0504808 0.175481
2 0.907452 0.585337 0.180288 0.108173
