2 0.581731 0.526442 0.0336538 0.0288462
0 0.846154 0.540865 0.0192308 0.0480769
0 0.296875 0.532452 0.0168269 0.0456731
2 0.454327 0.515625 0.0288462 0.03125
0 0.951923 0.551683 0.0288462 0.0504808
9 0.356971 0.465144 0.0216346 0.0264423
2 0.616587 0.532452 0.0360577 0.0264423
0 0.317308 0.538462 0.0240385 0.0432692
9 0.838942 0.460337 0.0192308 0.03125
2 0.646635 0.539663 0.0576923 0.0360577
0 0.215144 0.543269 0.0216346 0.0528846
0 0.0180288 0.576923 0.0360577 0.0817308
2 0.424279 0.540865 0.0504808 0.0432692
2 0.0805288 0.72476 0.161058 0.213942
2 0.876202 0.700721 0.247596 0.262019
