2 0.669471 0.519231 0.0360577 0.0288462
9 0.28125 0.481971 0.0144231 0.0216346
2 0.711538 0.534856 0.0384615 0.0504808
0 0.350962 0.522837 0.0192308 0.0504808
0 0.123798 0.542067 0.0264423 0.0504808
0 0.707933 0.540865 0.0264423 0.0576923
9 0.41226 0.447115 0.0216346 0.0240385
2 0.689904 0.522837 0.0288462 0.0264423
0 0.975962 0.530048 0.0336538 0.0889423
0 0.378606 0.527644 0.0168269 0.0504808
2 0.627404 0.508413 0.0240385 0.0168269
0 0.986779 0.528846 0.0264423 0.0865385
2 0.643029 0.510817 0.0264423 0.0168269
9 0.983173 0.44351 0.0192308 0.0360577
2 0.751202 0.534856 0.0697115 0.0408654
0 0.245192 0.53726 0.0240385 0.0697115
2 0.483173 0.533654 0.0480769 0.0480769
