2 0.564904 0.510817 0.0240385 0.0168269
2 0.451923 0.528846 0.0240385 0.0384615
2 0.582933 0.516827 0.0264423 0.0240385
9 0.200721 0.483173 0.0168269 0.0192308
9 0.341346 0.44351 0.0192308 0.03125
0 0.227163 0.548077 0.0168269 0.0528846
0 0.0216346 0.551683 0.0336538 0.0504808
2 0.651442 0.53125 0.0576923 0.0336538
0 0.264423 0.538462 0.0288462 0.0673077
2 0.637019 0.527644 0.0432692 0.03125
0 0.942308 0.546875 0.0240385 0.0697115
0 0.3125 0.522837 0.0144231 0.0408654
9 0.950721 0.445913 0.0216346 0.0360577
0 0.153846 0.546875 0.0288462 0.0649038
2 0.689904 0.540865 0.100962 0.0432692
2 0.425481 0.538462 0.0576923 0.0480769
0 0.90625 0.617788 0.0480769 0.173077
2 0.59375 0.585337 0.322115 0.108173
