2 0.604567 0.521635 0.03125 0.0288462
2 0.567308 0.510817 0.0240385 0.0168269
0 0.801683 0.53726 0.0216346 0.0649038
2 0.591346 0.516827 0.0288462 0.0240385
2 0.582933 0.515625 0.0264423 0.0216346
9 0.340144 0.444712 0.0168269 0.0288462
9 0.200721 0.484375 0.0168269 0.0216346
0 0.0216346 0.549279 0.0288462 0.0552885
0 0.942308 0.539663 0.0288462 0.0841346
2 0.46274 0.508413 0.03125 0.0360577
2 0.638221 0.528846 0.0504808 0.0336538
2 0.657452 0.533654 0.0552885 0.0336538
0 0.15625 0.545673 0.0288462 0.0673077
2 0.699519 0.540865 0.0817308 0.0480769
9 0.949519 0.445913 0.0240385 0.0360577
2 0.43149 0.527644 0.0649038 0.03125
0 0.331731 0.610577 0.0480769 0.173077
2 0.408654 0.579327 0.302885 0.110577
