0 0.0216346 0.552885 0.0288462 0.0480769
2 0.582933 0.515625 0.0264423 0.0216346
9 0.200721 0.483173 0.0168269 0.0192308
0 0.19351 0.538462 0.0216346 0.0673077
9 0.340144 0.444712 0.0168269 0.0288462
0 0.155048 0.548077 0.0264423 0.0625
0 0.225962 0.549279 0.0192308 0.0504808
2 0.451923 0.527644 0.0240385 0.0360577
0 0.251202 0.538462 0.0216346 0.0625
0 0.942308 0.545673 0.0288462 0.0721154
2 0.698317 0.540865 0.0745192 0.0432692
2 0.637019 0.527644 0.0432692 0.03125
9 0.950721 0.445913 0.0216346 0.0360577
2 0.657452 0.533654 0.0504808 0.0336538
2 0.424279 0.539663 0.0600962 0.0504808
0 0.59976 0.612981 0.0649038 0.173077
