2 0.590144 0.518029 0.0264423 0.0216346
2 0.570913 0.512019 0.0216346 0.0192308
9 0.338942 0.454327 0.0240385 0.0480769
0 0.0216346 0.551683 0.0288462 0.0504808
9 0.340144 0.444712 0.0168269 0.0288462
0 0.324519 0.534856 0.0192308 0.0504808
2 0.451923 0.527644 0.0240385 0.0360577
2 0.581731 0.515625 0.0192308 0.0216346
0 0.215144 0.550481 0.0216346 0.0528846
24 0.794471 0.59976 0.0360577 0.0504808
9 0.200721 0.484375 0.0168269 0.0216346
0 0.294471 0.544471 0.0216346 0.0649038
2 0.635817 0.528846 0.0408654 0.0336538
2 0.657452 0.533654 0.0504808 0.0336538
0 0.942308 0.540865 0.0288462 0.0817308
2 0.699519 0.542067 0.0769231 0.0456731
9 0.950721 0.444712 0.0216346 0.0336538
2 0.424279 0.539663 0.0600962 0.0504808
0 0.810096 0.643029 0.0673077 0.209135
0 0.111779 0.58774 0.0504808 0.141827
