0 0.0216346 0.549279 0.0336538 0.0552885
10 0.227163 0.550481 0.0216346 0.0528846
9 0.200721 0.483173 0.0168269 0.0192308
2 0.592548 0.518029 0.0264423 0.0216346
2 0.581731 0.515625 0.0240385 0.0216346
0 0.262019 0.532452 0.0192308 0.0552885
0 0.495192 0.546875 0.0288462 0.0552885
9 0.340144 0.445913 0.0168269 0.03125
0 0.941106 0.546875 0.0264423 0.0697115
2 0.451923 0.527644 0.0240385 0.0360577
0 0.15625 0.544471 0.0288462 0.0697115
9 0.950721 0.445913 0.0216346 0.0360577
2 0.634615 0.527644 0.0432692 0.03125
2 0.657452 0.533654 0.0504808 0.0336538
2 0.700721 0.540865 0.0745192 0.0432692
2 0.424279 0.539663 0.0600962 0.0504808
