26 0.430288 0.584135 0.0240385 0.0240385
2 0.567308 0.510817 0.0192308 0.0168269
2 0.582933 0.515625 0.0216346 0.0216346
2 0.46274 0.509615 0.03125 0.0384615
9 0.200721 0.484375 0.0168269 0.0216346
9 0.340144 0.447115 0.0168269 0.0336538
0 0.942308 0.543269 0.0288462 0.0769231
0 0.227163 0.548077 0.0168269 0.0528846
2 0.698317 0.540865 0.0745192 0.0432692
2 0.635817 0.528846 0.0408654 0.0336538
0 0.158654 0.527644 0.0336538 0.0456731
2 0.657452 0.533654 0.0504808 0.0336538
9 0.949519 0.445913 0.0240385 0.0360577
0 0.262019 0.538462 0.0240385 0.0673077
2 0.423077 0.538462 0.0576923 0.0480769
2 0.0997596 0.574519 0.199519 0.110577
0 0.439904 0.611779 0.0769231 0.175481
