2 0.465144 0.509615 0.0264423 0.0336538
2 0.567308 0.510817 0.0240385 0.0168269
2 0.591346 0.516827 0.0288462 0.0240385
0 0.135817 0.543269 0.0216346 0.0625
2 0.581731 0.515625 0.0240385 0.0216346
9 0.200721 0.483173 0.0168269 0.0192308
0 0.0228365 0.549279 0.03125 0.0552885
36 0.558894 0.75 0.0360577 0.0336538
0 0.294471 0.544471 0.0216346 0.0649038
0 0.944712 0.540865 0.0240385 0.0769231
2 0.451923 0.526442 0.0240385 0.0336538
9 0.340144 0.44351 0.0168269 0.0264423
0 0.223558 0.550481 0.0192308 0.0528846
24 0.873798 0.560096 0.0360577 0.0336538
2 0.634615 0.527644 0.0432692 0.03125
24 0.563702 0.605769 0.0360577 0.0673077
0 0.117788 0.551683 0.0288462 0.0841346
2 0.657452 0.533654 0.0504808 0.0336538
9 0.949519 0.444712 0.0240385 0.0336538
1 0.90024 0.622596 0.127404 0.0865385
2 0.700721 0.540865 0.0745192 0.0432692
0 0.90024 0.588942 0.0841346 0.115385
2 0.424279 0.539663 0.0600962 0.0504808
0 0.0913462 0.592548 0.0528846 0.15625
0 0.579327 0.652644 0.0721154 0.228365
