0 0.429087 0.536058 0.0168269 0.0432692
9 0.396635 0.450721 0.0192308 0.0216346
2 0.492788 0.522837 0.0192308 0.03125
2 0.598558 0.508413 0.0192308 0.0168269
0 0.918269 0.538462 0.0240385 0.0576923
2 0.61899 0.513221 0.0264423 0.0216346
0 0.36899 0.528846 0.0168269 0.0432692
0 0.991587 0.540865 0.0168269 0.0673077
0 0.00961538 0.585337 0.0192308 0.09375
0 0.550481 0.534856 0.0192308 0.0504808
9 0.923077 0.449519 0.0192308 0.0336538
2 0.671875 0.52524 0.0408654 0.03125
0 0.245192 0.53726 0.0240385 0.0649038
2 0.710337 0.533654 0.0649038 0.0384615
2 0.46875 0.532452 0.0528846 0.0456731
2 0.961538 0.74399 0.0769231 0.175481
2 0.0444712 0.772837 0.0889423 0.122596
