2 0.605769 0.521635 0.0336538 0.0288462
0 0.0240385 0.55649 0.0240385 0.0408654
2 0.569712 0.512019 0.0240385 0.0192308
1 0.191106 0.5625 0.0216346 0.0336538
2 0.591346 0.518029 0.0288462 0.0264423
2 0.580529 0.515625 0.0216346 0.0216346
0 0.896635 0.526442 0.0144231 0.0432692
0 0.325721 0.53726 0.0168269 0.0456731
2 0.451923 0.527644 0.0240385 0.0360577
9 0.340144 0.44351 0.0168269 0.0264423
9 0.199519 0.483173 0.0144231 0.0192308
0 0.985577 0.665865 0.0288462 0.139423
0 0.195913 0.549279 0.0264423 0.0600962
2 0.637019 0.528846 0.0480769 0.0336538
0 0.282452 0.548077 0.0264423 0.0625
2 0.658654 0.533654 0.0528846 0.0336538
0 0.94351 0.542067 0.03125 0.0793269
9 0.949519 0.445913 0.0192308 0.0360577
2 0.700721 0.540865 0.0745192 0.0432692
2 0.424279 0.539663 0.0600962 0.0504808
0 0.0576923 0.549279 0.0384615 0.0889423
0 0.127404 0.573317 0.0480769 0.122596
