0 0.173077 0.540865 0.0192308 0.0576923
2 0.570913 0.512019 0.0264423 0.0192308
9 0.340144 0.444712 0.0168269 0.0288462
9 0.200721 0.484375 0.0168269 0.0216346
0 0.225962 0.548077 0.0192308 0.0528846
2 0.581731 0.515625 0.0240385 0.0216346
0 0.942308 0.544471 0.0288462 0.0745192
2 0.698317 0.540865 0.0793269 0.0432692
2 0.657452 0.533654 0.0504808 0.0336538
2 0.634615 0.527644 0.0432692 0.03125
0 0.153846 0.544471 0.0240385 0.0697115
9 0.950721 0.445913 0.0216346 0.0360577
0 0.258413 0.53726 0.0216346 0.0697115
2 0.424279 0.539663 0.0600962 0.0504808
0 0.46875 0.610577 0.0625 0.182692
2 0.0625 0.578125 0.125 0.103365
