2 0.639423 0.522837 0.0384615 0.0216346
2 0.566106 0.510817 0.0216346 0.0168269
0 0.0649038 0.53125 0.0192308 0.0528846
2 0.65625 0.527644 0.0576923 0.0264423
2 0.582933 0.516827 0.0264423 0.0240385
9 0.340144 0.444712 0.0168269 0.0288462
0 0.0216346 0.549279 0.0288462 0.0552885
0 0.227163 0.548077 0.0216346 0.0528846
2 0.451923 0.527644 0.0240385 0.0360577
0 0.313702 0.520433 0.0120192 0.0408654
0 0.941106 0.548077 0.0264423 0.0673077
2 0.689904 0.540865 0.105769 0.0432692
0 0.153846 0.546875 0.0288462 0.0649038
9 0.950721 0.445913 0.0216346 0.0360577
0 0.260817 0.540865 0.03125 0.0721154
2 0.423077 0.539663 0.0625 0.0504808
0 0.893029 0.616587 0.0600962 0.170673
2 0.647837 0.588942 0.319712 0.105769
