0 0.216346 0.549279 0.0192308 0.0552885
2 0.603365 0.521635 0.0288462 0.0288462
2 0.566106 0.510817 0.0216346 0.0168269
2 0.591346 0.519231 0.0288462 0.0240385
9 0.200721 0.484375 0.0168269 0.0216346
9 0.340144 0.444712 0.0168269 0.0288462
2 0.581731 0.515625 0.0240385 0.0216346
2 0.451923 0.528846 0.0240385 0.0336538
0 0.325721 0.536058 0.0168269 0.0480769
2 0.634615 0.528846 0.0432692 0.0336538
24 0.713942 0.597356 0.0432692 0.0745192
2 0.657452 0.533654 0.0504808 0.0336538
0 0.942308 0.542067 0.0288462 0.0793269
9 0.950721 0.444712 0.0216346 0.0336538
2 0.695913 0.540865 0.0745192 0.0432692
0 0.295673 0.542067 0.0240385 0.0745192
2 0.424279 0.539663 0.0600962 0.0504808
0 0.725962 0.641827 0.0913462 0.225962
0 0.106971 0.58774 0.0504808 0.146635
