2 0.560096 0.509615 0.0192308 0.0144231
2 0.604567 0.521635 0.0264423 0.0288462
0 0.0216346 0.551683 0.0288462 0.0504808
2 0.570913 0.512019 0.0216346 0.0192308
2 0.591346 0.518029 0.0288462 0.0216346
0 0.183894 0.543269 0.0216346 0.0528846
9 0.340144 0.442308 0.0168269 0.0288462
9 0.200721 0.483173 0.0168269 0.0192308
2 0.581731 0.515625 0.0240385 0.0216346
0 0.228365 0.548077 0.0192308 0.0528846
2 0.69351 0.540865 0.0793269 0.0432692
0 0.942308 0.544471 0.0288462 0.0745192
0 0.153846 0.549279 0.0240385 0.0600962
2 0.451923 0.527644 0.0240385 0.0360577
2 0.658654 0.533654 0.0528846 0.0336538
2 0.635817 0.528846 0.0456731 0.0336538
0 0.252404 0.53726 0.0240385 0.0649038
9 0.950721 0.445913 0.0216346 0.0360577
2 0.424279 0.539663 0.0600962 0.0504808
0 0.532452 0.615385 0.0600962 0.173077
