0 0.323317 0.536058 0.0120192 0.0432692
2 0.567308 0.510817 0.0192308 0.0168269
2 0.655048 0.527644 0.0552885 0.0264423
0 0.122596 0.542067 0.0384615 0.0649038
26 0.628606 0.597356 0.0360577 0.0649038
2 0.590144 0.518029 0.0264423 0.0216346
2 0.451923 0.526442 0.0240385 0.0336538
0 0.135817 0.544471 0.0264423 0.0649038
2 0.582933 0.515625 0.0216346 0.0216346
9 0.200721 0.484375 0.0168269 0.0216346
9 0.340144 0.44351 0.0168269 0.0264423
0 0.114183 0.530048 0.0264423 0.0456731
2 0.635817 0.527644 0.0408654 0.03125
0 0.960337 0.580529 0.0745192 0.112981
2 0.692308 0.540865 0.0913462 0.0432692
9 0.949519 0.445913 0.0240385 0.0360577
0 0.221154 0.549279 0.0240385 0.0600962
1 0.951923 0.620192 0.0961538 0.0865385
2 0.425481 0.539663 0.0576923 0.0504808
0 0.0985577 0.59375 0.0528846 0.153846
0 0.640625 0.646635 0.127404 0.235577
