0 0.286058 0.528846 0.0144231 0.0480769
2 0.58774 0.509615 0.0216346 0.0144231
0 0.125 0.542067 0.0240385 0.0456731
2 0.646635 0.52524 0.0432692 0.0264423
2 0.484375 0.524038 0.0216346 0.0288462
0 0.330529 0.52524 0.0168269 0.0456731
9 0.390625 0.453125 0.0168269 0.0216346
0 0.00961538 0.590144 0.0192308 0.0841346
0 0.370192 0.532452 0.0192308 0.0456731
9 0.909856 0.453125 0.0168269 0.0264423
2 0.659856 0.527644 0.0408654 0.03125
0 0.237981 0.538462 0.0240385 0.0625
2 0.699519 0.536058 0.0625 0.0384615
2 0.0516827 0.760817 0.103365 0.146635
2 0.461538 0.534856 0.0576923 0.0456731
2 0.944712 0.737981 0.110577 0.1875
