2 0.457933 0.516827 0.0264423 0.0288462
2 0.566106 0.510817 0.0216346 0.0168269
2 0.59375 0.516827 0.0336538 0.0240385
2 0.465144 0.509615 0.03125 0.0384615
2 0.451923 0.528846 0.0240385 0.0384615
2 0.582933 0.513221 0.0216346 0.0216346
9 0.341346 0.445913 0.0192308 0.03125
0 0.942308 0.542067 0.0240385 0.0793269
0 0.570913 0.543269 0.0264423 0.0528846
2 0.640625 0.528846 0.0504808 0.0336538
2 0.65625 0.533654 0.0480769 0.0336538
0 0.152644 0.546875 0.0264423 0.0649038
9 0.950721 0.445913 0.0216346 0.0360577
2 0.699519 0.540865 0.0769231 0.0432692
2 0.426683 0.536058 0.0552885 0.0432692
0 0.961538 0.615385 0.0576923 0.168269
2 0.370192 0.586538 0.336538 0.105769
