0 0.47476 0.580529 0.0504808 0.170673
0 0.0120192 0.549279 0.0240385 0.0745192
9 0.679087 0.210337 0.0264423 0.0600962
7 0.710337 0.486779 0.127404 0.0745192
0 0.899038 0.540865 0.0288462 0.0432692
1 0.989183 0.604567 0.0216346 0.0697115
0 0.965144 0.53726 0.03125 0.0793269
12 0.169471 0.646635 0.0456731 0.105769
26 0.649038 0.634615 0.0288462 0.0384615
0 0.985577 0.567308 0.0288462 0.139423
0 0.503606 0.591346 0.0745192 0.197115
0 0.628606 0.600962 0.0504808 0.149038
10 0.403846 0.758413 0.0721154 0.127404
