2 0.590144 0.515625 0.0264423 0.0216346
0 0.0216346 0.550481 0.0288462 0.0528846
2 0.465144 0.509615 0.03125 0.0336538
0 0.228365 0.615385 0.144231 0.0913462
2 0.582933 0.514423 0.0216346 0.0192308
2 0.567308 0.510817 0.0192308 0.0168269
9 0.200721 0.483173 0.0168269 0.0192308
2 0.451923 0.527644 0.0240385 0.0360577
9 0.340144 0.444712 0.0168269 0.0288462
24 0.189904 0.549279 0.0384615 0.0360577
0 0.292067 0.545673 0.0216346 0.0625
0 0.897837 0.539663 0.0264423 0.0552885
2 0.639423 0.530048 0.0480769 0.03125
0 0.322115 0.53726 0.0144231 0.0408654
0 0.15024 0.545673 0.0264423 0.0673077
2 0.65625 0.533654 0.0528846 0.0336538
0 0.942308 0.539663 0.0288462 0.0793269
9 0.950721 0.445913 0.0216346 0.0360577
2 0.698317 0.540865 0.0793269 0.0432692
0 0.219952 0.582933 0.0889423 0.112981
2 0.424279 0.539663 0.0600962 0.0504808
1 0.227163 0.617788 0.146635 0.0865385
0 0.120192 0.609375 0.0528846 0.170673
