2 0.461538 0.503606 0.0288462 0.03125
2 0.570913 0.513221 0.0264423 0.0216346
2 0.605769 0.521635 0.0288462 0.0288462
0 0.293269 0.544471 0.0240385 0.0600962
2 0.591346 0.518029 0.0288462 0.0264423
0 0.0252404 0.554087 0.0264423 0.0456731
9 0.340144 0.444712 0.0168269 0.0288462
2 0.581731 0.515625 0.0240385 0.0216346
24 0.206731 0.608173 0.0384615 0.0673077
2 0.451923 0.52524 0.0240385 0.03125
9 0.199519 0.483173 0.0192308 0.0192308
0 0.942308 0.539663 0.0288462 0.0841346
2 0.634615 0.528846 0.0432692 0.0336538
2 0.657452 0.533654 0.0504808 0.0336538
24 0.501202 0.552885 0.0408654 0.0432692
0 0.141827 0.544471 0.0288462 0.0697115
9 0.949519 0.445913 0.0240385 0.0360577
2 0.698317 0.540865 0.0793269 0.0432692
0 0.534856 0.586538 0.0793269 0.134615
2 0.424279 0.539663 0.0600962 0.0504808
1 0.538462 0.620192 0.149038 0.0913462
0 0.0793269 0.609375 0.0576923 0.165865
0 0.223558 0.663462 0.120192 0.254808
