9 0.200721 0.483173 0.0168269 0.0192308
2 0.56851 0.510817 0.0216346 0.0168269
0 0.0228365 0.549279 0.03125 0.0552885
0 0.296875 0.538462 0.0216346 0.0528846
2 0.584135 0.515625 0.0240385 0.0216346
2 0.591346 0.518029 0.0288462 0.0216346
9 0.340144 0.454327 0.0216346 0.0480769
0 0.942308 0.543269 0.0240385 0.0769231
2 0.640625 0.528846 0.0456731 0.0336538
2 0.451923 0.527644 0.0240385 0.0360577
2 0.657452 0.533654 0.0504808 0.0336538
9 0.950721 0.447115 0.0216346 0.0336538
0 0.984375 0.621394 0.03125 0.165865
2 0.699519 0.542067 0.0817308 0.0456731
2 0.424279 0.539663 0.0600962 0.0504808
2 0.207933 0.584135 0.338942 0.105769
