0 0.0228365 0.550481 0.03125 0.0528846
2 0.605769 0.520433 0.0288462 0.0264423
2 0.566106 0.510817 0.0216346 0.0168269
0 0.307692 0.522837 0.0144231 0.0408654
2 0.592548 0.516827 0.0264423 0.0240385
2 0.581731 0.515625 0.0240385 0.0216346
9 0.341346 0.445913 0.0192308 0.03125
2 0.451923 0.527644 0.0240385 0.0360577
0 0.155048 0.548077 0.0264423 0.0625
0 0.262019 0.53125 0.0192308 0.0576923
2 0.634615 0.527644 0.0432692 0.03125
2 0.65625 0.533654 0.0480769 0.0336538
2 0.698317 0.542067 0.0697115 0.0456731
2 0.424279 0.539663 0.0600962 0.0504808
5 0.945913 0.522837 0.108173 0.189904
