7 0.317308 0.485577 0.0673077 0.0576923
7 0.710337 0.487981 0.127404 0.0769231
24 0.25 0.554087 0.0384615 0.0600962
2 0.417067 0.513221 0.0889423 0.0408654
1 0.578125 0.572115 0.0649038 0.0673077
0 0.569712 0.548077 0.0480769 0.0913462
26 0.649038 0.637019 0.0288462 0.0384615
12 0.169471 0.65024 0.0456731 0.117788
0 0.332933 0.578125 0.0745192 0.141827
0 0.629808 0.602163 0.0480769 0.146635
0 0.266827 0.579327 0.0625 0.168269
0 0.519231 0.59375 0.0625 0.192308
10 0.403846 0.759615 0.0769231 0.129808
