0 0.884615 0.533654 0.0192308 0.0528846
0 0.314904 0.52524 0.0192308 0.0456731
2 0.585337 0.513221 0.0264423 0.0216346
2 0.466346 0.522837 0.0192308 0.03125
0 0.289663 0.526442 0.0168269 0.0480769
2 0.473558 0.507212 0.0288462 0.0336538
0 0.00841346 0.591346 0.0168269 0.0721154
2 0.56851 0.510817 0.0216346 0.0168269
9 0.371394 0.453125 0.0168269 0.0264423
2 0.637019 0.527644 0.0432692 0.03125
9 0.875 0.454327 0.0192308 0.0288462
0 0.546875 0.538462 0.0168269 0.0480769
2 0.674279 0.536058 0.0697115 0.0384615
0 0.221154 0.538462 0.0192308 0.0576923
2 0.438702 0.533654 0.0504808 0.0432692
2 0.90024 0.707933 0.199519 0.247596
2 0.0588942 0.745192 0.117788 0.173077
