2 0.502404 0.526442 0.0240385 0.0384615
2 0.691106 0.524038 0.0504808 0.0336538
2 0.632212 0.509615 0.0288462 0.0192308
2 0.519231 0.515625 0.0336538 0.0456731
9 0.27524 0.480769 0.0168269 0.0192308
0 0.370192 0.526442 0.0144231 0.0480769
9 0.403846 0.44351 0.0240385 0.03125
2 0.617788 0.508413 0.0240385 0.0168269
2 0.706731 0.527644 0.0480769 0.0360577
2 0.671875 0.519231 0.0360577 0.0336538
9 0.980769 0.44351 0.0192308 0.0360577
2 0.641827 0.513221 0.0288462 0.0216346
0 0.236779 0.539663 0.0216346 0.0600962
0 0.97476 0.528846 0.0360577 0.0961538
2 0.481971 0.533654 0.0552885 0.0480769
2 0.741587 0.534856 0.0745192 0.0408654
