2 0.596154 0.518029 0.0288462 0.0264423
9 0.200721 0.483173 0.0168269 0.0192308
2 0.564904 0.510817 0.0240385 0.0168269
2 0.578125 0.513221 0.0216346 0.0216346
2 0.603365 0.522837 0.0336538 0.03125
0 0.0216346 0.552885 0.0288462 0.0480769
0 0.227163 0.548077 0.0168269 0.0528846
9 0.340144 0.445913 0.0168269 0.03125
0 0.313702 0.520433 0.0168269 0.0360577
0 0.277644 0.539663 0.0216346 0.0600962
2 0.639423 0.528846 0.0480769 0.0336538
2 0.65625 0.533654 0.0528846 0.0336538
0 0.25601 0.532452 0.0216346 0.0600962
0 0.152644 0.548077 0.0264423 0.0625
9 0.950721 0.447115 0.0216346 0.0336538
2 0.697115 0.540865 0.0817308 0.0432692
2 0.426683 0.527644 0.0600962 0.0264423
2 0.479567 0.586538 0.334135 0.105769
0 0.936298 0.61899 0.0841346 0.170673
