2 0.569712 0.513221 0.0288462 0.0216346
0 0.0216346 0.550481 0.0336538 0.0528846
0 0.94351 0.542067 0.0264423 0.0745192
0 0.247596 0.53726 0.0192308 0.0552885
2 0.582933 0.516827 0.0264423 0.0240385
9 0.340144 0.445913 0.0168269 0.03125
9 0.200721 0.483173 0.0168269 0.0192308
2 0.641827 0.53125 0.0480769 0.0336538
2 0.451923 0.527644 0.0240385 0.0360577
2 0.659856 0.536058 0.0600962 0.0384615
0 0.152644 0.549279 0.0264423 0.0600962
0 0.222356 0.545673 0.0216346 0.0625
2 0.698317 0.542067 0.0697115 0.0456731
9 0.949519 0.445913 0.0240385 0.0360577
2 0.424279 0.539663 0.0600962 0.0504808
0 0.736779 0.615385 0.0841346 0.168269
