0 0.466346 0.545673 0.0240385 0.0480769
0 0.382212 0.549279 0.0240385 0.0552885
2 0.567308 0.510817 0.0192308 0.0168269
0 0.227163 0.549279 0.0216346 0.0552885
9 0.200721 0.483173 0.0168269 0.0192308
2 0.581731 0.515625 0.0240385 0.0216346
10 0.225962 0.550481 0.0192308 0.0528846
9 0.340144 0.444712 0.0168269 0.0288462
0 0.308894 0.524038 0.0168269 0.0432692
0 0.152644 0.548077 0.0264423 0.0625
2 0.69351 0.540865 0.0649038 0.0432692
2 0.634615 0.527644 0.0432692 0.03125
2 0.657452 0.533654 0.0504808 0.0336538
0 0.263221 0.530048 0.0216346 0.0552885
2 0.425481 0.540865 0.0625 0.0528846
5 0.864183 0.532452 0.271635 0.21875
