0 0.366587 0.526442 0.0168269 0.0480769
2 0.514423 0.50601 0.0288462 0.0408654
9 0.268029 0.480769 0.0216346 0.0192308
0 0.338942 0.521635 0.0192308 0.0480769
0 0.314904 0.532452 0.0192308 0.0504808
2 0.615385 0.508413 0.0240385 0.0168269
2 0.632212 0.509615 0.0288462 0.0192308
9 0.40024 0.454327 0.0216346 0.0528846
0 0.278846 0.53125 0.0240385 0.0528846
9 0.979567 0.444712 0.0216346 0.0384615
0 0.977163 0.528846 0.0360577 0.0961538
0 0.230769 0.538462 0.0240385 0.0673077
2 0.736779 0.536058 0.0841346 0.0432692
2 0.478365 0.533654 0.0576923 0.0528846
