2 0.604567 0.520433 0.03125 0.03125
9 0.340144 0.444712 0.0168269 0.0288462
0 0.227163 0.548077 0.0168269 0.0528846
2 0.592548 0.516827 0.03125 0.0240385
2 0.567308 0.510817 0.0240385 0.0168269
2 0.582933 0.513221 0.0216346 0.0216346
0 0.0228365 0.550481 0.03125 0.0528846
9 0.200721 0.484375 0.0168269 0.0216346
2 0.423077 0.520433 0.0528846 0.0168269
0 0.942308 0.538462 0.0288462 0.0865385
2 0.638221 0.528846 0.0456731 0.0336538
0 0.276442 0.543269 0.0192308 0.0673077
2 0.657452 0.533654 0.0504808 0.0336538
2 0.698317 0.540865 0.0793269 0.0432692
9 0.949519 0.445913 0.0240385 0.0360577
0 0.15625 0.544471 0.0288462 0.0697115
0 0.305288 0.603365 0.0673077 0.182692
2 0.496394 0.580529 0.295673 0.108173
