0 0.0252404 0.552885 0.0264423 0.0480769
2 0.438702 0.528846 0.0456731 0.0384615
0 0.324519 0.53726 0.0144231 0.0456731
2 0.566106 0.510817 0.0216346 0.0168269
9 0.200721 0.484375 0.0168269 0.0216346
0 0.984375 0.582933 0.03125 0.0985577
2 0.451923 0.527644 0.0240385 0.0360577
2 0.582933 0.515625 0.0216346 0.0216346
9 0.340144 0.44351 0.0168269 0.0264423
0 0.221154 0.549279 0.0192308 0.0600962
0 0.294471 0.544471 0.0216346 0.0649038
0 0.942308 0.543269 0.0288462 0.0721154
24 0.657452 0.600962 0.0360577 0.0625
2 0.635817 0.528846 0.0408654 0.0336538
2 0.65625 0.534856 0.0480769 0.0360577
2 0.695913 0.540865 0.0793269 0.0432692
9 0.949519 0.445913 0.0192308 0.0360577
1 0.96875 0.623798 0.0625 0.0793269
2 0.425481 0.539663 0.0576923 0.0504808
0 0.100962 0.592548 0.0528846 0.15625
0 0.66226 0.645433 0.103365 0.223558
