9 0.200721 0.483173 0.0168269 0.0192308
2 0.566106 0.510817 0.0216346 0.0168269
0 0.0216346 0.552885 0.0288462 0.0480769
2 0.582933 0.514423 0.0264423 0.0240385
0 0.272837 0.53726 0.0216346 0.0600962
0 0.847356 0.543269 0.03125 0.0528846
0 0.225962 0.548077 0.0192308 0.0528846
9 0.340144 0.444712 0.0168269 0.0288462
2 0.641827 0.530048 0.0432692 0.03125
0 0.3125 0.521635 0.0144231 0.0384615
0 0.25601 0.533654 0.0216346 0.0576923
2 0.65625 0.533654 0.0480769 0.0336538
2 0.697115 0.540865 0.0817308 0.0432692
9 0.950721 0.445913 0.0216346 0.0360577
0 0.153846 0.545673 0.0288462 0.0673077
2 0.426683 0.532452 0.0552885 0.0360577
0 0.925481 0.617788 0.0576923 0.173077
2 0.536058 0.585337 0.326923 0.108173
