2 0.466346 0.509615 0.0288462 0.0336538
0 0.323317 0.538462 0.0168269 0.0480769
2 0.566106 0.510817 0.0216346 0.0168269
2 0.581731 0.515625 0.0240385 0.0216346
0 0.293269 0.545673 0.0240385 0.0625
9 0.200721 0.484375 0.0168269 0.0216346
2 0.451923 0.527644 0.0240385 0.0360577
0 0.227163 0.548077 0.0216346 0.0528846
9 0.340144 0.442308 0.0168269 0.0288462
0 0.100962 0.604567 0.0432692 0.161058
24 0.0384615 0.623798 0.0673077 0.0793269
0 0.94351 0.540865 0.0264423 0.0817308
0 0.915865 0.540865 0.0240385 0.0576923
2 0.658654 0.533654 0.0528846 0.0336538
2 0.634615 0.528846 0.0432692 0.0336538
2 0.698317 0.540865 0.0793269 0.0432692
9 0.950721 0.445913 0.0216346 0.0360577
0 0.145433 0.545673 0.0264423 0.0673077
0 0.38101 0.580529 0.0697115 0.117788
2 0.425481 0.539663 0.0576923 0.0504808
0 0.0600962 0.675481 0.120192 0.259615
1 0.383413 0.617788 0.151442 0.0961538
