2 0.582933 0.516827 0.0264423 0.0240385
2 0.4375 0.53125 0.0480769 0.0384615
2 0.591346 0.519231 0.0288462 0.0240385
0 0.560096 0.538462 0.0192308 0.0528846
9 0.340144 0.447115 0.0168269 0.0336538
2 0.451923 0.528846 0.0240385 0.0384615
2 0.639423 0.528846 0.0480769 0.0336538
2 0.65625 0.533654 0.0480769 0.0336538
0 0.942308 0.546875 0.0288462 0.0697115
9 0.950721 0.445913 0.0216346 0.0360577
2 0.698317 0.540865 0.0793269 0.0432692
2 0.424279 0.538462 0.0600962 0.0480769
0 0.983173 0.612981 0.0336538 0.182692
2 0.259615 0.585337 0.336538 0.103365
