2 0.566106 0.510817 0.0216346 0.0168269
2 0.592548 0.519231 0.0264423 0.0240385
1 0.314904 0.560096 0.0240385 0.0384615
2 0.581731 0.516827 0.0240385 0.0240385
9 0.341346 0.447115 0.0192308 0.0336538
0 0.53125 0.533654 0.0192308 0.0625
2 0.451923 0.527644 0.0240385 0.0360577
0 0.942308 0.543269 0.0288462 0.0769231
0 0.227163 0.548077 0.0168269 0.0528846
2 0.637019 0.527644 0.0432692 0.03125
0 0.314904 0.540865 0.0288462 0.0721154
0 0.153846 0.546875 0.0288462 0.0649038
0 0.260817 0.533654 0.0216346 0.0576923
2 0.657452 0.533654 0.0504808 0.0336538
9 0.950721 0.445913 0.0216346 0.0360577
2 0.699519 0.540865 0.0769231 0.0432692
2 0.424279 0.539663 0.0600962 0.0504808
2 0.0576923 0.584135 0.115385 0.105769
