2 0.465144 0.509615 0.0264423 0.0336538
2 0.569712 0.512019 0.0240385 0.0192308
0 0.194712 0.542067 0.0240385 0.0600962
2 0.582933 0.515625 0.0264423 0.0216346
9 0.200721 0.483173 0.0168269 0.0192308
0 0.0216346 0.549279 0.0336538 0.0552885
2 0.641827 0.530048 0.0384615 0.03125
9 0.340144 0.444712 0.0168269 0.0288462
0 0.225962 0.549279 0.0192308 0.0504808
0 0.251202 0.536058 0.0216346 0.0625
2 0.694712 0.539663 0.0865385 0.0408654
0 0.941106 0.546875 0.0264423 0.0697115
2 0.451923 0.528846 0.0240385 0.0336538
0 0.152644 0.549279 0.0264423 0.0600962
2 0.658654 0.53125 0.0625 0.0336538
9 0.950721 0.445913 0.0216346 0.0360577
2 0.424279 0.539663 0.0600962 0.0504808
0 0.610577 0.614183 0.0432692 0.180288
