0 0.324519 0.538462 0.0144231 0.0432692
2 0.591346 0.516827 0.0288462 0.0240385
2 0.566106 0.510817 0.0216346 0.0168269
24 0.794471 0.579327 0.0793269 0.115385
2 0.451923 0.526442 0.0240385 0.0336538
9 0.200721 0.484375 0.0168269 0.0216346
0 0.0216346 0.551683 0.0288462 0.0504808
2 0.581731 0.515625 0.0240385 0.0216346
9 0.340144 0.44351 0.0168269 0.0264423
24 0.46875 0.610577 0.0384615 0.0817308
0 0.225962 0.550481 0.0192308 0.0528846
24 0.770433 0.55649 0.03125 0.0360577
0 0.294471 0.544471 0.0216346 0.0649038
2 0.639423 0.528846 0.0480769 0.0336538
2 0.658654 0.532452 0.0528846 0.0360577
0 0.971154 0.542067 0.0288462 0.0600962
0 0.942308 0.543269 0.0288462 0.0769231
9 0.950721 0.444712 0.0216346 0.0336538
0 0.125 0.544471 0.0288462 0.0697115
2 0.699519 0.542067 0.0769231 0.0456731
2 0.424279 0.539663 0.0600962 0.0504808
0 0.798077 0.582933 0.0817308 0.117788
1 0.796875 0.621394 0.137019 0.0841346
0 0.485577 0.655048 0.0913462 0.233173
0 0.0817308 0.59976 0.0576923 0.151442
