2 0.570913 0.518029 0.0264423 0.0216346
0 0.336538 0.539663 0.0192308 0.0408654
9 0.359375 0.454327 0.0168269 0.0192308
2 0.580529 0.521635 0.0216346 0.0240385
0 0.103365 0.554087 0.0240385 0.0504808
2 0.449519 0.52524 0.0240385 0.03125
0 0.975962 0.550481 0.0240385 0.0576923
0 0.548077 0.533654 0.0192308 0.0528846
0 0.0108173 0.570913 0.0216346 0.108173
2 0.617788 0.526442 0.0432692 0.0288462
9 0.852163 0.456731 0.0168269 0.0288462
0 0.300481 0.528846 0.0240385 0.0528846
2 0.659856 0.536058 0.0649038 0.0384615
0 0.215144 0.53726 0.0216346 0.0552885
2 0.426683 0.534856 0.0504808 0.0456731
2 0.0685096 0.729567 0.137019 0.204327
2 0.889423 0.703125 0.221154 0.257212
