0 0.0240385 0.551683 0.0288462 0.0504808
2 0.604567 0.521635 0.03125 0.0288462
2 0.59375 0.518029 0.0336538 0.0264423
24 0.564904 0.579327 0.0913462 0.110577
0 0.575721 0.620192 0.146635 0.0913462
2 0.582933 0.515625 0.0264423 0.0216346
2 0.566106 0.510817 0.0216346 0.0168269
2 0.465144 0.508413 0.03125 0.0360577
9 0.200721 0.483173 0.0168269 0.0192308
9 0.340144 0.44351 0.0168269 0.0264423
2 0.451923 0.527644 0.0240385 0.0360577
24 0.247596 0.604567 0.0432692 0.0745192
0 0.141827 0.544471 0.0288462 0.0697115
2 0.635817 0.528846 0.0456731 0.0336538
2 0.65625 0.533654 0.0480769 0.0336538
0 0.942308 0.540865 0.0288462 0.0817308
9 0.949519 0.445913 0.0240385 0.0360577
24 0.539663 0.551683 0.0456731 0.0408654
2 0.697115 0.542067 0.0817308 0.0456731
0 0.56851 0.581731 0.0889423 0.115385
2 0.424279 0.539663 0.0600962 0.0504808
1 0.576923 0.621394 0.149038 0.0889423
0 0.0769231 0.609375 0.0576923 0.170673
0 0.263221 0.659856 0.137019 0.252404
