2 0.605769 0.522837 0.0288462 0.03125
9 0.340144 0.455529 0.0216346 0.0504808
2 0.569712 0.512019 0.0240385 0.0192308
9 0.340144 0.444712 0.0168269 0.0288462
9 0.200721 0.483173 0.0168269 0.0192308
2 0.581731 0.516827 0.0240385 0.0240385
0 0.155048 0.545673 0.0264423 0.0673077
0 0.225962 0.549279 0.0192308 0.0552885
2 0.450721 0.527644 0.0264423 0.0360577
0 0.942308 0.544471 0.0288462 0.0745192
2 0.634615 0.528846 0.0432692 0.0336538
2 0.658654 0.533654 0.0480769 0.0336538
2 0.697115 0.540865 0.0721154 0.0432692
9 0.949519 0.445913 0.0240385 0.0360577
0 0.258413 0.534856 0.0216346 0.0697115
2 0.424279 0.539663 0.0600962 0.0504808
2 0.0444712 0.586538 0.0889423 0.0817308
0 0.486779 0.615385 0.0793269 0.168269
