2 0.591346 0.515625 0.0288462 0.0216346
2 0.566106 0.510817 0.0216346 0.0168269
0 0.225962 0.549279 0.0192308 0.0504808
2 0.582933 0.513221 0.0264423 0.0216346
9 0.340144 0.444712 0.0168269 0.0288462
0 0.0216346 0.549279 0.0288462 0.0552885
2 0.637019 0.527644 0.0432692 0.03125
9 0.200721 0.484375 0.0168269 0.0216346
2 0.426683 0.524038 0.0600962 0.0288462
2 0.653846 0.53125 0.0576923 0.0336538
0 0.942308 0.543269 0.0288462 0.0769231
2 0.694712 0.540865 0.0865385 0.0432692
9 0.949519 0.445913 0.0240385 0.0360577
0 0.155048 0.544471 0.03125 0.0697115
0 0.293269 0.608173 0.0817308 0.173077
2 0.539663 0.579327 0.300481 0.110577
