0 0.877404 0.53726 0.0192308 0.0456731
0 0.0504808 0.532452 0.0240385 0.0600962
2 0.567308 0.510817 0.0240385 0.0168269
2 0.858173 0.614183 0.0961538 0.170673
2 0.580529 0.515625 0.0216346 0.0216346
9 0.200721 0.483173 0.0168269 0.0192308
0 0.942308 0.545673 0.0240385 0.0721154
9 0.340144 0.445913 0.0168269 0.03125
0 0.225962 0.548077 0.0192308 0.0528846
2 0.6875 0.53726 0.0865385 0.0360577
2 0.658654 0.533654 0.0528846 0.0336538
2 0.451923 0.527644 0.0240385 0.0360577
0 0.152644 0.548077 0.0264423 0.0625
2 0.638221 0.528846 0.0408654 0.0288462
9 0.950721 0.444712 0.0216346 0.0336538
2 0.424279 0.539663 0.0600962 0.0504808
2 0.819712 0.588942 0.326923 0.105769
0 0.856971 0.616587 0.0745192 0.175481
