2 0.569712 0.512019 0.0240385 0.0192308
2 0.582933 0.515625 0.0264423 0.0216346
9 0.341346 0.445913 0.0192308 0.03125
9 0.200721 0.483173 0.0168269 0.0192308
0 0.227163 0.548077 0.0168269 0.0528846
0 0.942308 0.543269 0.0288462 0.0769231
0 0.155048 0.546875 0.0264423 0.0600962
0 0.534856 0.534856 0.0216346 0.0745192
2 0.451923 0.530048 0.0240385 0.0360577
2 0.635817 0.527644 0.0456731 0.03125
2 0.65625 0.533654 0.0480769 0.0336538
0 0.260817 0.533654 0.0216346 0.0576923
9 0.949519 0.445913 0.0240385 0.0360577
2 0.697115 0.539663 0.0817308 0.0456731
0 0.311298 0.542067 0.03125 0.0697115
2 0.424279 0.539663 0.0600962 0.0504808
2 0.0805288 0.582933 0.161058 0.103365
