0 0.317308 0.521635 0.0144231 0.0384615
2 0.605769 0.522837 0.0288462 0.03125
2 0.569712 0.512019 0.0240385 0.0192308
0 0.0240385 0.552885 0.0288462 0.0480769
0 0.246394 0.53726 0.0216346 0.0600962
0 0.0408654 0.534856 0.0192308 0.0600962
2 0.581731 0.515625 0.0240385 0.0216346
9 0.341346 0.445913 0.0144231 0.03125
2 0.451923 0.527644 0.0240385 0.0360577
2 0.641827 0.530048 0.0480769 0.03125
0 0.623798 0.542067 0.0264423 0.0504808
2 0.65625 0.533654 0.0480769 0.0336538
0 0.153846 0.546875 0.0288462 0.0649038
9 0.950721 0.445913 0.0216346 0.0360577
2 0.699519 0.542067 0.0769231 0.0456731
2 0.424279 0.539663 0.0600962 0.0504808
2 0.887019 0.588942 0.225962 0.100962
0 0.826923 0.616587 0.0528846 0.165865
