2 0.0817308 0.551683 0.0288462 0.0456731
2 0.498798 0.508413 0.03125 0.03125
2 0.594952 0.507212 0.0216346 0.0144231
9 0.382212 0.44351 0.0240385 0.0264423
2 0.61899 0.510817 0.0264423 0.0168269
0 0.128606 0.527644 0.0216346 0.0504808
2 0.487981 0.524038 0.0240385 0.0336538
0 0.538462 0.533654 0.0192308 0.0384615
2 0.682692 0.530048 0.0576923 0.0360577
0 0.31851 0.52524 0.0168269 0.0504808
0 0.350962 0.528846 0.0144231 0.0480769
0 0.206731 0.542067 0.0240385 0.0649038
0 0.298077 0.534856 0.0240385 0.0504808
9 0.971154 0.444712 0.0240385 0.0384615
2 0.46274 0.536058 0.0600962 0.0528846
0 0.971154 0.539663 0.0240385 0.0793269
5 0.0396635 0.515625 0.0793269 0.185096
2 0.727163 0.538462 0.0841346 0.0432692
