2 0.590144 0.518029 0.0264423 0.0216346
2 0.566106 0.512019 0.0216346 0.0192308
9 0.199519 0.484375 0.0192308 0.0216346
0 0.942308 0.543269 0.0288462 0.0769231
2 0.581731 0.515625 0.0240385 0.0216346
9 0.340144 0.444712 0.0168269 0.0288462
0 0.227163 0.549279 0.0168269 0.0552885
2 0.451923 0.527644 0.0240385 0.0360577
2 0.637019 0.527644 0.0432692 0.03125
0 0.307692 0.539663 0.0240385 0.0649038
0 0.538462 0.540865 0.0240385 0.0480769
2 0.65625 0.533654 0.0480769 0.0336538
9 0.950721 0.445913 0.0216346 0.0360577
0 0.258413 0.532452 0.0216346 0.0600962
2 0.699519 0.540865 0.0769231 0.0432692
2 0.425481 0.539663 0.0576923 0.0504808
2 0.106971 0.581731 0.213942 0.105769
