0 0.0228365 0.550481 0.03125 0.0528846
2 0.465144 0.509615 0.03125 0.0336538
2 0.566106 0.509615 0.0216346 0.0144231
0 0.252404 0.534856 0.0240385 0.0649038
2 0.581731 0.514423 0.0240385 0.0192308
2 0.637019 0.530048 0.0384615 0.03125
0 0.941106 0.545673 0.0264423 0.0673077
9 0.341346 0.445913 0.0144231 0.03125
9 0.200721 0.483173 0.0168269 0.0192308
0 0.155048 0.546875 0.0264423 0.0649038
2 0.65024 0.530048 0.0456731 0.0264423
2 0.451923 0.527644 0.0240385 0.0360577
9 0.949519 0.445913 0.0240385 0.0360577
2 0.701923 0.542067 0.0721154 0.0456731
2 0.424279 0.539663 0.0600962 0.0504808
0 0.65625 0.614183 0.0913462 0.170673
