0 0.0204327 0.549279 0.03125 0.0552885
2 0.567308 0.510817 0.0240385 0.0168269
2 0.582933 0.514423 0.0216346 0.0192308
0 0.322115 0.53726 0.0192308 0.0456731
9 0.200721 0.483173 0.0168269 0.0192308
0 0.225962 0.549279 0.0192308 0.0504808
9 0.340144 0.442308 0.0168269 0.0288462
2 0.657452 0.532452 0.0552885 0.03125
2 0.639423 0.527644 0.0480769 0.03125
0 0.942308 0.544471 0.0288462 0.0745192
2 0.694712 0.540865 0.0865385 0.0432692
9 0.950721 0.447115 0.0216346 0.0336538
0 0.155048 0.544471 0.03125 0.0697115
2 0.424279 0.538462 0.0600962 0.0480769
0 0.288462 0.609375 0.0769231 0.175481
2 0.584135 0.581731 0.298077 0.110577
