2 0.56851 0.510817 0.0216346 0.0168269
2 0.591346 0.515625 0.0240385 0.0216346
0 0.0240385 0.548077 0.0288462 0.0576923
2 0.465144 0.509615 0.0264423 0.0336538
2 0.582933 0.514423 0.0216346 0.0192308
9 0.340144 0.444712 0.0168269 0.0288462
2 0.451923 0.526442 0.0240385 0.0336538
9 0.200721 0.483173 0.0168269 0.0192308
0 0.323317 0.536058 0.0168269 0.0432692
0 0.227163 0.549279 0.0168269 0.0552885
0 0.290865 0.545673 0.0240385 0.0625
2 0.634615 0.528846 0.0432692 0.0336538
2 0.657452 0.533654 0.0504808 0.0336538
0 0.152644 0.543269 0.0264423 0.0721154
9 0.950721 0.444712 0.0216346 0.0336538
2 0.699519 0.540865 0.0769231 0.0480769
1 0.0204327 0.626202 0.0408654 0.0552885
2 0.423077 0.539663 0.0625 0.0504808
0 0.189904 0.609375 0.0528846 0.170673
2 0.885817 0.585337 0.228365 0.108173
