0 0.227163 0.549279 0.0168269 0.0504808
2 0.454327 0.52524 0.0240385 0.03125
2 0.465144 0.508413 0.03125 0.0360577
0 0.0252404 0.552885 0.0264423 0.0480769
9 0.200721 0.483173 0.0168269 0.0192308
2 0.584135 0.513221 0.0240385 0.0216346
2 0.59375 0.518029 0.0288462 0.0264423
2 0.564904 0.510817 0.0240385 0.0168269
0 0.3125 0.520433 0.0144231 0.0408654
9 0.341346 0.444712 0.0144231 0.0288462
0 0.254808 0.532452 0.0192308 0.0600962
0 0.575721 0.542067 0.0264423 0.0456731
0 0.153846 0.546875 0.0288462 0.0649038
2 0.65625 0.533654 0.0480769 0.0336538
2 0.635817 0.528846 0.0456731 0.0336538
9 0.949519 0.447115 0.0240385 0.0336538
2 0.426683 0.527644 0.0552885 0.0264423
2 0.698317 0.542067 0.0793269 0.0456731
0 0.945913 0.61899 0.0889423 0.165865
2 0.425481 0.586538 0.326923 0.105769
