2 0.403846 0.509615 0.0625 0.0336538
7 0.710337 0.487981 0.127404 0.0769231
24 0.399038 0.554087 0.0336538 0.0456731
24 0.856971 0.533654 0.03125 0.0288462
26 0.649038 0.635817 0.0288462 0.0360577
12 0.169471 0.649038 0.0456731 0.115385
0 0.426683 0.581731 0.0745192 0.149038
0 0.629808 0.602163 0.0480769 0.146635
0 0.516827 0.59375 0.0576923 0.182692
0 0.894231 0.561298 0.0673077 0.122596
1 0.896635 0.59976 0.134615 0.0889423
0 0.566106 0.611779 0.103365 0.21875
10 0.402644 0.759615 0.0745192 0.129808
