2 0.465144 0.509615 0.0264423 0.0336538
2 0.685096 0.533654 0.110577 0.0384615
0 0.0216346 0.549279 0.0288462 0.0552885
9 0.200721 0.483173 0.0168269 0.0192308
9 0.340144 0.444712 0.0168269 0.0288462
2 0.451923 0.526442 0.0240385 0.0336538
0 0.225962 0.549279 0.0192308 0.0552885
0 0.320913 0.533654 0.0168269 0.0432692
0 0.155048 0.546875 0.0264423 0.0649038
0 0.942308 0.542067 0.0288462 0.0793269
9 0.949519 0.445913 0.0240385 0.0360577
2 0.425481 0.539663 0.0625 0.0504808
0 0.257212 0.606971 0.0480769 0.170673
2 0.669471 0.582933 0.300481 0.108173
