2 0.456731 0.520433 0.0240385 0.0360577
2 0.566106 0.510817 0.0216346 0.0168269
0 0.204327 0.536058 0.0192308 0.0528846
0 0.227163 0.550481 0.0168269 0.0480769
2 0.466346 0.510817 0.0288462 0.0360577
2 0.635817 0.527644 0.0408654 0.03125
2 0.581731 0.515625 0.0240385 0.0216346
9 0.200721 0.483173 0.0168269 0.0192308
0 0.944712 0.544471 0.0288462 0.0745192
2 0.451923 0.527644 0.0240385 0.0360577
2 0.651442 0.53125 0.0576923 0.0288462
9 0.341346 0.447115 0.0144231 0.0288462
9 0.949519 0.445913 0.0240385 0.0360577
2 0.698317 0.540865 0.0793269 0.0432692
2 0.424279 0.539663 0.0600962 0.0504808
0 0.646635 0.615385 0.0865385 0.173077
