2 0.570913 0.512019 0.0216346 0.0192308
0 0.735577 0.538462 0.0240385 0.0625
9 0.200721 0.483173 0.0168269 0.0192308
2 0.591346 0.516827 0.0288462 0.0192308
0 0.0228365 0.548077 0.03125 0.0576923
0 0.30649 0.522837 0.0168269 0.0408654
2 0.450721 0.530048 0.0216346 0.0360577
2 0.582933 0.515625 0.0216346 0.0216346
0 0.364183 0.545673 0.03125 0.0673077
9 0.340144 0.445913 0.0168269 0.03125
10 0.225962 0.550481 0.0192308 0.0528846
0 0.471154 0.536058 0.0240385 0.0625
2 0.635817 0.527644 0.0408654 0.03125
0 0.152644 0.548077 0.0264423 0.0625
2 0.655048 0.533654 0.0504808 0.0336538
2 0.694712 0.540865 0.0673077 0.0432692
2 0.425481 0.539663 0.0625 0.0504808
5 0.919471 0.52524 0.161058 0.199519
