2 0.658654 0.519231 0.0288462 0.0288462
2 0.640625 0.514423 0.0264423 0.0240385
0 0.269231 0.53125 0.0144231 0.0480769
9 0.397837 0.447115 0.0216346 0.0336538
9 0.263221 0.480769 0.0168269 0.0192308
0 0.3125 0.532452 0.0240385 0.0504808
0 0.361779 0.530048 0.0168269 0.0504808
2 0.566106 0.5 0.0216346 0.0144231
2 0.628606 0.512019 0.0264423 0.0192308
2 0.608173 0.508413 0.0192308 0.0168269
9 0.978365 0.442308 0.0288462 0.0384615
0 0.532452 0.536058 0.0216346 0.0721154
2 0.510817 0.503606 0.03125 0.0360577
0 0.225962 0.538462 0.0240385 0.0673077
2 0.694712 0.526442 0.0432692 0.0336538
0 0.979567 0.530048 0.0264423 0.09375
2 0.473558 0.534856 0.0576923 0.0504808
2 0.739183 0.538462 0.0745192 0.0432692
