2 0.567308 0.510817 0.0240385 0.0168269
9 0.200721 0.483173 0.0168269 0.0192308
0 0.289663 0.545673 0.0264423 0.0576923
2 0.463942 0.509615 0.0288462 0.0336538
9 0.340144 0.444712 0.0168269 0.0288462
0 0.0228365 0.550481 0.03125 0.0528846
2 0.451923 0.527644 0.0240385 0.0360577
0 0.320913 0.534856 0.0168269 0.0408654
0 0.153846 0.545673 0.0288462 0.0673077
0 0.942308 0.544471 0.0288462 0.0745192
9 0.949519 0.444712 0.0240385 0.0384615
2 0.425481 0.539663 0.0625 0.0504808
2 0.751202 0.582933 0.305288 0.108173
0 0.230769 0.609375 0.0769231 0.170673
