2 0.454327 0.530048 0.0192308 0.0408654
0 0.454327 0.53125 0.0192308 0.0432692
2 0.580529 0.512019 0.0216346 0.0192308
0 0.0204327 0.548077 0.03125 0.0576923
0 0.353365 0.591346 0.163462 0.139423
9 0.200721 0.484375 0.0168269 0.0216346
2 0.463942 0.508413 0.0288462 0.0360577
9 0.340144 0.44351 0.0168269 0.0264423
0 0.942308 0.53726 0.0288462 0.0889423
2 0.639423 0.528846 0.0480769 0.0336538
2 0.657452 0.533654 0.0504808 0.0336538
0 0.15625 0.545673 0.0288462 0.0673077
2 0.700721 0.540865 0.0745192 0.0432692
9 0.950721 0.445913 0.0216346 0.0360577
2 0.36899 0.580529 0.305288 0.117788
2 0.426683 0.533654 0.0600962 0.0384615
0 0.347356 0.611779 0.0697115 0.165865
