2 0.567308 0.510817 0.0192308 0.0168269
2 0.453125 0.527644 0.0216346 0.03125
2 0.465144 0.510817 0.0264423 0.03125
2 0.581731 0.514423 0.0192308 0.0192308
0 0.293269 0.545673 0.0240385 0.0625
0 0.225962 0.548077 0.0192308 0.0528846
9 0.340144 0.444712 0.0168269 0.0288462
9 0.200721 0.483173 0.0168269 0.0192308
0 0.0240385 0.552885 0.0288462 0.0480769
2 0.683894 0.540865 0.0600962 0.0432692
2 0.635817 0.528846 0.0408654 0.0336538
2 0.655048 0.533654 0.0504808 0.0336538
0 0.942308 0.544471 0.0288462 0.0745192
9 0.950721 0.445913 0.0216346 0.0360577
0 0.127404 0.544471 0.0288462 0.0697115
2 0.424279 0.538462 0.0600962 0.0480769
0 0.728365 0.578125 0.0769231 0.112981
1 0.727163 0.622596 0.141827 0.0865385
0 0.078125 0.603365 0.0600962 0.163462
0 0.409856 0.657452 0.132212 0.233173
