2 0.463942 0.509615 0.0288462 0.0336538
2 0.590144 0.519231 0.0264423 0.0240385
2 0.566106 0.510817 0.0216346 0.0168269
0 0.213942 0.549279 0.0240385 0.0552885
9 0.200721 0.484375 0.0168269 0.0216346
2 0.581731 0.515625 0.0240385 0.0216346
0 0.0216346 0.552885 0.0288462 0.0480769
2 0.451923 0.527644 0.0240385 0.0360577
9 0.340144 0.44351 0.0168269 0.0264423
24 0.771635 0.605769 0.0384615 0.0817308
0 0.324519 0.536058 0.0144231 0.0480769
2 0.638221 0.530048 0.0456731 0.03125
0 0.294471 0.544471 0.0216346 0.0697115
2 0.65625 0.533654 0.0480769 0.0336538
2 0.699519 0.542067 0.0769231 0.0456731
0 0.942308 0.539663 0.0288462 0.0841346
9 0.949519 0.447115 0.0192308 0.0336538
2 0.424279 0.539663 0.0600962 0.0504808
0 0.777644 0.645433 0.0793269 0.209135
0 0.109375 0.585337 0.0552885 0.137019
