0 0.0228365 0.551683 0.03125 0.0504808
2 0.465144 0.508413 0.0264423 0.0360577
9 0.200721 0.483173 0.0168269 0.0192308
2 0.451923 0.526442 0.0240385 0.0336538
9 0.340144 0.442308 0.0168269 0.0288462
2 0.69351 0.542067 0.103365 0.0408654
0 0.942308 0.543269 0.0288462 0.0769231
0 0.322115 0.534856 0.0192308 0.0456731
9 0.949519 0.445913 0.0240385 0.0360577
0 0.155048 0.544471 0.0264423 0.0697115
2 0.424279 0.539663 0.0600962 0.0504808
0 0.27524 0.606971 0.0649038 0.175481
2 0.626202 0.582933 0.295673 0.108173
