2 0.421875 0.548077 0.0408654 0.0432692
2 0.604567 0.521635 0.03125 0.0288462
0 0.0228365 0.550481 0.03125 0.0528846
24 0.423077 0.551683 0.0336538 0.0360577
9 0.199519 0.484375 0.0192308 0.0216346
2 0.570913 0.513221 0.0264423 0.0216346
9 0.340144 0.44351 0.0168269 0.0264423
0 0.225962 0.548077 0.0192308 0.0576923
2 0.582933 0.516827 0.0264423 0.0240385
0 0.144231 0.53726 0.0288462 0.0504808
0 0.293269 0.544471 0.0240385 0.0697115
0 0.94351 0.542067 0.03125 0.0793269
2 0.634615 0.528846 0.0432692 0.0336538
24 0.123798 0.615385 0.0456731 0.0673077
2 0.426683 0.530048 0.0552885 0.03125
2 0.658654 0.533654 0.0528846 0.0336538
9 0.949519 0.445913 0.0240385 0.0360577
2 0.699519 0.540865 0.0769231 0.0432692
0 0.456731 0.590144 0.0769231 0.122596
0 0.0829327 0.609375 0.0600962 0.170673
1 0.46274 0.620192 0.151442 0.0913462
0 0.133413 0.669471 0.132212 0.247596
