2 0.584135 0.515625 0.0240385 0.0216346
9 0.366587 0.454327 0.0216346 0.0192308
0 0.292067 0.532452 0.0168269 0.0456731
2 0.622596 0.52524 0.0336538 0.0264423
2 0.566106 0.510817 0.0216346 0.0168269
2 0.46875 0.509615 0.0288462 0.0336538
2 0.633413 0.527644 0.0408654 0.03125
9 0.870192 0.453125 0.0192308 0.03125
0 0.546875 0.534856 0.0168269 0.0456731
2 0.668269 0.534856 0.0576923 0.0360577
0 0.217548 0.538462 0.0216346 0.0576923
2 0.436298 0.533654 0.0504808 0.0432692
2 0.90625 0.707933 0.1875 0.252404
2 0.0600962 0.740385 0.120192 0.182692
