0 0.141827 0.542067 0.0240385 0.0408654
2 0.632212 0.510817 0.0240385 0.0168269
2 0.639423 0.512019 0.0240385 0.0192308
2 0.617788 0.508413 0.0240385 0.0168269
9 0.413462 0.456731 0.0240385 0.0384615
2 0.730769 0.534856 0.0576923 0.0408654
0 0.951923 0.539663 0.0240385 0.0649038
0 0.546875 0.533654 0.0168269 0.0528846
2 0.521635 0.50601 0.0336538 0.0360577
2 0.680288 0.524038 0.0384615 0.0288462
2 0.69351 0.527644 0.0360577 0.03125
9 0.954327 0.448317 0.0192308 0.0360577
0 0.257212 0.534856 0.0240385 0.0600962
2 0.486779 0.533654 0.0552885 0.0528846
