0 0.0252404 0.554087 0.0264423 0.0456731
2 0.463942 0.508413 0.0288462 0.0360577
9 0.200721 0.483173 0.0168269 0.0192308
2 0.451923 0.527644 0.0240385 0.0360577
9 0.340144 0.442308 0.0168269 0.0288462
0 0.841346 0.540865 0.0288462 0.0625
0 0.286058 0.544471 0.0192308 0.0600962
0 0.942308 0.543269 0.0288462 0.0769231
0 0.155048 0.545673 0.0264423 0.0673077
0 0.320913 0.536058 0.0168269 0.0432692
9 0.949519 0.444712 0.0240385 0.0384615
2 0.424279 0.539663 0.0600962 0.0504808
0 0.245192 0.608173 0.0528846 0.173077
2 0.710337 0.581731 0.300481 0.110577
