9 0.200721 0.483173 0.0168269 0.0192308
0 0.308894 0.521635 0.0168269 0.0384615
0 0.225962 0.548077 0.0192308 0.0528846
0 0.372596 0.543269 0.0240385 0.0625
2 0.566106 0.510817 0.0216346 0.0168269
0 0.0216346 0.550481 0.0288462 0.0528846
9 0.340144 0.445913 0.0168269 0.03125
2 0.581731 0.515625 0.0240385 0.0216346
2 0.635817 0.527644 0.0408654 0.03125
2 0.69351 0.539663 0.0697115 0.0456731
0 0.152644 0.549279 0.0264423 0.0600962
2 0.65625 0.533654 0.0528846 0.0336538
0 0.263221 0.530048 0.0216346 0.0552885
2 0.424279 0.539663 0.0600962 0.0504808
5 0.893029 0.526442 0.213942 0.206731
