2 0.604567 0.521635 0.0264423 0.0288462
0 0.0216346 0.550481 0.0336538 0.0528846
0 0.323317 0.534856 0.0168269 0.0456731
2 0.463942 0.508413 0.0288462 0.0360577
2 0.592548 0.518029 0.0264423 0.0216346
9 0.341346 0.44351 0.0192308 0.03125
2 0.567308 0.510817 0.0192308 0.0168269
2 0.582933 0.515625 0.0216346 0.0216346
0 0.227163 0.548077 0.0216346 0.0528846
9 0.200721 0.483173 0.0168269 0.0192308
2 0.451923 0.527644 0.0240385 0.0360577
0 0.293269 0.546875 0.0240385 0.0649038
0 0.941106 0.545673 0.0264423 0.0673077
2 0.638221 0.528846 0.0504808 0.0336538
0 0.15625 0.605769 0.0673077 0.173077
2 0.657452 0.533654 0.0504808 0.0336538
9 0.949519 0.445913 0.0192308 0.03125
2 0.698317 0.540865 0.0793269 0.0432692
0 0.109375 0.580529 0.0649038 0.137019
1 0.117788 0.615385 0.149038 0.0913462
2 0.424279 0.539663 0.0600962 0.0504808
2 0.971154 0.582933 0.0576923 0.09375
