2 0.463942 0.509615 0.0288462 0.0336538
0 0.227163 0.543269 0.0168269 0.0432692
2 0.567308 0.510817 0.0192308 0.0168269
0 0.325721 0.533654 0.0168269 0.0480769
2 0.584135 0.515625 0.0240385 0.0216346
9 0.200721 0.484375 0.0168269 0.0216346
9 0.340144 0.456731 0.0216346 0.0528846
0 0.157452 0.527644 0.03125 0.0360577
0 0.942308 0.540865 0.0288462 0.0817308
2 0.635817 0.527644 0.0408654 0.03125
2 0.699519 0.542067 0.0769231 0.0456731
2 0.65625 0.533654 0.0528846 0.0336538
9 0.949519 0.445913 0.0192308 0.0360577
0 0.262019 0.538462 0.0240385 0.0625
2 0.425481 0.539663 0.0625 0.0456731
2 0.120192 0.574519 0.240385 0.110577
0 0.432692 0.612981 0.0913462 0.173077
