9 0.200721 0.483173 0.0168269 0.0192308
2 0.584135 0.518029 0.0240385 0.0216346
0 0.302885 0.532452 0.0240385 0.0600962
0 0.549279 0.543269 0.0216346 0.0528846
9 0.341346 0.444712 0.0192308 0.0336538
0 0.942308 0.545673 0.0288462 0.0721154
2 0.451923 0.530048 0.0240385 0.0360577
0 0.983173 0.657452 0.0336538 0.0793269
2 0.640625 0.528846 0.0504808 0.0336538
2 0.65625 0.533654 0.0480769 0.0336538
9 0.950721 0.447115 0.0216346 0.0336538
0 0.257212 0.532452 0.0240385 0.0600962
2 0.698317 0.540865 0.0793269 0.0432692
2 0.424279 0.539663 0.0600962 0.0504808
2 0.163462 0.585337 0.326923 0.108173
