2 0.567308 0.510817 0.0192308 0.0168269
0 0.324519 0.536058 0.0144231 0.0480769
2 0.582933 0.515625 0.0216346 0.0216346
0 0.21875 0.548077 0.0192308 0.0576923
0 0.294471 0.543269 0.0216346 0.0625
9 0.200721 0.484375 0.0168269 0.0216346
9 0.340144 0.44351 0.0168269 0.0264423
24 0.685096 0.614183 0.0384615 0.0793269
2 0.451923 0.527644 0.0240385 0.0360577
2 0.641827 0.530048 0.0480769 0.03125
2 0.695913 0.540865 0.0745192 0.0432692
2 0.65625 0.533654 0.0480769 0.0336538
0 0.942308 0.543269 0.0288462 0.0769231
1 0.984375 0.63101 0.03125 0.0552885
9 0.950721 0.445913 0.0216346 0.0360577
0 0.700721 0.644231 0.0697115 0.221154
2 0.424279 0.539663 0.0600962 0.0504808
0 0.104567 0.588942 0.0504808 0.153846
