2 0.590144 0.516827 0.0264423 0.0192308
2 0.466346 0.510817 0.0240385 0.03125
2 0.570913 0.513221 0.0216346 0.0216346
2 0.581731 0.515625 0.0240385 0.0216346
0 0.0228365 0.550481 0.03125 0.0528846
2 0.451923 0.526442 0.0240385 0.0336538
9 0.200721 0.483173 0.0168269 0.0192308
9 0.340144 0.444712 0.0168269 0.0288462
0 0.205529 0.554087 0.0216346 0.0456731
24 0.870192 0.610577 0.0384615 0.0625
2 0.640625 0.528846 0.0504808 0.0336538
2 0.65625 0.533654 0.0480769 0.0336538
0 0.944712 0.542067 0.0288462 0.0793269
0 0.0853365 0.545673 0.0264423 0.0817308
9 0.950721 0.445913 0.0216346 0.0360577
2 0.699519 0.540865 0.0769231 0.0432692
0 0.290865 0.544471 0.0240385 0.0697115
2 0.424279 0.539663 0.0600962 0.0504808
0 0.88101 0.641827 0.0697115 0.197115
0 0.116587 0.576923 0.0504808 0.134615
