0 0.0252404 0.552885 0.0264423 0.0480769
2 0.566106 0.510817 0.0216346 0.0168269
9 0.340144 0.444712 0.0168269 0.0288462
2 0.581731 0.515625 0.0240385 0.0216346
9 0.200721 0.483173 0.0168269 0.0192308
2 0.451923 0.528846 0.0240385 0.0384615
0 0.325721 0.536058 0.0168269 0.0480769
2 0.634615 0.528846 0.0432692 0.0336538
24 0.74399 0.59976 0.0408654 0.0793269
2 0.657452 0.533654 0.0504808 0.0336538
0 0.94351 0.539663 0.03125 0.0841346
0 0.295673 0.542067 0.0240385 0.0697115
2 0.700721 0.542067 0.0793269 0.0456731
9 0.950721 0.444712 0.0216346 0.0336538
2 0.425481 0.539663 0.0625 0.0504808
0 0.108173 0.586538 0.0528846 0.139423
0 0.75601 0.641827 0.108173 0.221154
