2 0.579327 0.510817 0.0240385 0.0168269
1 0.56851 0.558894 0.0360577 0.0360577
2 0.459135 0.52524 0.0288462 0.0360577
2 0.527644 0.502404 0.0216346 0.0144231
2 0.594952 0.513221 0.0264423 0.0216346
2 0.645433 0.527644 0.0408654 0.03125
2 0.473558 0.507212 0.0288462 0.0336538
0 0.567308 0.544471 0.0336538 0.0649038
2 0.659856 0.530048 0.0552885 0.0360577
9 0.951923 0.444712 0.0192308 0.0336538
2 0.704327 0.539663 0.0817308 0.0456731
2 0.432692 0.538462 0.0625 0.0528846
5 0.205529 0.520433 0.40625 0.228365
