0 0.302885 0.532452 0.0192308 0.0456731
2 0.444712 0.527644 0.0192308 0.0264423
0 0.557692 0.538462 0.0192308 0.0528846
0 0.310096 0.534856 0.0144231 0.0456731
9 0.355769 0.472356 0.0240385 0.0456731
2 0.616587 0.53125 0.0408654 0.0288462
0 0.320913 0.536058 0.0168269 0.0432692
2 0.651442 0.53726 0.0625 0.0360577
9 0.841346 0.457933 0.0144231 0.03125
0 0.015625 0.573317 0.03125 0.0889423
0 0.957933 0.550481 0.03125 0.0528846
0 0.215144 0.540865 0.0264423 0.0528846
2 0.423077 0.53726 0.0528846 0.0456731
2 0.078125 0.722356 0.15625 0.213942
2 0.879808 0.701923 0.240385 0.264423
