2 0.604567 0.521635 0.03125 0.0288462
0 0.227163 0.549279 0.0168269 0.0504808
0 0.251202 0.533654 0.0216346 0.0528846
2 0.463942 0.509615 0.0288462 0.0336538
9 0.340144 0.447115 0.0168269 0.0336538
2 0.591346 0.518029 0.0288462 0.0264423
2 0.566106 0.510817 0.0216346 0.0168269
9 0.200721 0.483173 0.0168269 0.0192308
2 0.582933 0.515625 0.0264423 0.0216346
0 0.0216346 0.549279 0.0288462 0.0552885
0 0.207933 0.538462 0.0168269 0.0576923
2 0.653846 0.536058 0.0432692 0.0336538
0 0.942308 0.543269 0.0288462 0.0769231
0 0.152644 0.549279 0.0264423 0.0600962
2 0.451923 0.527644 0.0240385 0.0360577
2 0.634615 0.528846 0.0432692 0.0336538
9 0.950721 0.445913 0.0216346 0.0360577
2 0.695913 0.540865 0.0889423 0.0432692
2 0.425481 0.539663 0.0576923 0.0504808
0 0.665865 0.61899 0.0769231 0.170673
