2 0.604567 0.520433 0.03125 0.0264423
2 0.569712 0.512019 0.0240385 0.0192308
9 0.200721 0.484375 0.0168269 0.0216346
2 0.582933 0.516827 0.0264423 0.0192308
0 0.262019 0.532452 0.0192308 0.0552885
9 0.341346 0.447115 0.0144231 0.0336538
0 0.941106 0.545673 0.0264423 0.0721154
2 0.451923 0.527644 0.0240385 0.0360577
2 0.634615 0.527644 0.0432692 0.03125
2 0.657452 0.533654 0.0504808 0.0336538
2 0.699519 0.540865 0.0769231 0.0432692
9 0.950721 0.445913 0.0216346 0.0360577
0 0.155048 0.543269 0.03125 0.0721154
2 0.424279 0.539663 0.0600962 0.0504808
