1 0.954327 0.550481 0.0288462 0.0528846
0 0.544471 0.532452 0.0168269 0.0360577
9 0.36899 0.444712 0.0264423 0.0240385
2 0.603365 0.513221 0.0240385 0.0216346
2 0.473558 0.52524 0.0240385 0.0360577
2 0.485577 0.507212 0.0288462 0.0336538
0 0.300481 0.542067 0.0240385 0.0408654
2 0.584135 0.510817 0.0192308 0.0168269
0 0.334135 0.527644 0.0144231 0.0504808
0 0.545673 0.543269 0.0240385 0.0625
0 0.956731 0.528846 0.0336538 0.0961538
2 0.671875 0.53125 0.0408654 0.0384615
2 0.653846 0.527644 0.0432692 0.03125
9 0.961538 0.44351 0.0240385 0.03125
2 0.449519 0.536058 0.0576923 0.0528846
2 0.717548 0.539663 0.0745192 0.0456731
5 0.108173 0.518029 0.211538 0.21875
