2 0.567308 0.510817 0.0192308 0.0168269
36 0.961538 0.727163 0.0336538 0.0264423
2 0.590144 0.518029 0.03125 0.0216346
9 0.200721 0.484375 0.0168269 0.0216346
0 0.893029 0.530048 0.0168269 0.0504808
2 0.581731 0.515625 0.0240385 0.0216346
0 0.0216346 0.549279 0.0288462 0.0552885
9 0.340144 0.442308 0.0168269 0.0288462
2 0.451923 0.527644 0.0240385 0.0360577
0 0.199519 0.548077 0.0240385 0.0576923
24 0.957933 0.596154 0.0360577 0.0673077
2 0.634615 0.527644 0.0432692 0.03125
0 0.942308 0.542067 0.0288462 0.0793269
2 0.658654 0.533654 0.0480769 0.0336538
0 0.28726 0.545673 0.0264423 0.0673077
9 0.950721 0.445913 0.0216346 0.0360577
2 0.700721 0.540865 0.0745192 0.0432692
0 0.123798 0.574519 0.0456731 0.129808
2 0.424279 0.539663 0.0600962 0.0504808
0 0.0697115 0.546875 0.0336538 0.0841346
0 0.969952 0.637019 0.0600962 0.201923
