2 0.622596 0.507212 0.0192308 0.0144231
0 0.340144 0.528846 0.0168269 0.0480769
9 0.413462 0.455529 0.0192308 0.0360577
0 0.981971 0.532452 0.0264423 0.0793269
0 0.320913 0.528846 0.0168269 0.0480769
0 0.353365 0.521635 0.0144231 0.0432692
2 0.644231 0.510817 0.0288462 0.0168269
0 0.382212 0.52524 0.0144231 0.0504808
9 0.981971 0.444712 0.0216346 0.0336538
2 0.524038 0.507212 0.0336538 0.0336538
2 0.697115 0.527644 0.0432692 0.0360577
0 0.251202 0.538462 0.0216346 0.0625
2 0.753606 0.534856 0.0697115 0.0408654
2 0.489183 0.534856 0.0552885 0.0504808
