2 0.604567 0.521635 0.03125 0.0288462
0 0.325721 0.536058 0.0168269 0.0432692
2 0.453125 0.526442 0.0216346 0.0336538
24 0.383413 0.550481 0.03125 0.0384615
2 0.466346 0.509615 0.0288462 0.0336538
0 0.918269 0.538462 0.0240385 0.0625
2 0.591346 0.516827 0.0288462 0.0240385
9 0.340144 0.44351 0.0168269 0.0264423
0 0.0240385 0.548077 0.0288462 0.0576923
2 0.566106 0.510817 0.0216346 0.0168269
0 0.293269 0.545673 0.0240385 0.0673077
2 0.581731 0.515625 0.0240385 0.0216346
9 0.200721 0.484375 0.0168269 0.0216346
0 0.225962 0.548077 0.0192308 0.0528846
2 0.427885 0.534856 0.0576923 0.0456731
2 0.639423 0.528846 0.0480769 0.0336538
0 0.942308 0.539663 0.0288462 0.0841346
2 0.658654 0.533654 0.0528846 0.0336538
0 0.145433 0.544471 0.0264423 0.0697115
9 0.950721 0.444712 0.0216346 0.0336538
2 0.699519 0.540865 0.0769231 0.0432692
0 0.415865 0.582933 0.0721154 0.112981
0 0.0973558 0.66226 0.161058 0.266827
1 0.421875 0.620192 0.15625 0.0865385
