2 0.549279 0.507212 0.0216346 0.0144231
2 0.603365 0.518029 0.0288462 0.0264423
0 0.15024 0.544471 0.0264423 0.0697115
2 0.581731 0.512019 0.0288462 0.0192308
2 0.55649 0.509615 0.03125 0.0144231
2 0.461538 0.496394 0.0288462 0.0216346
2 0.665865 0.53125 0.0480769 0.0288462
2 0.567308 0.510817 0.0240385 0.0168269
2 0.59375 0.514423 0.0336538 0.0240385
9 0.340144 0.442308 0.0216346 0.0288462
2 0.704327 0.540865 0.0625 0.0384615
0 0.0336538 0.574519 0.0673077 0.125
2 0.641827 0.53125 0.0432692 0.0384615
9 0.199519 0.483173 0.0192308 0.0192308
0 0.227163 0.548077 0.0216346 0.0576923
9 0.949519 0.445913 0.0240385 0.0360577
2 0.427885 0.539663 0.0625 0.0552885
1 0.0576923 0.612981 0.115385 0.0913462
0 0.168269 0.608173 0.0673077 0.173077
2 0.929087 0.586538 0.137019 0.105769
