2 0.591346 0.512019 0.0240385 0.0192308
2 0.63101 0.524038 0.0408654 0.0288462
2 0.570913 0.509615 0.0216346 0.0144231
0 0.371394 0.534856 0.0264423 0.0504808
2 0.480769 0.507212 0.0288462 0.0336538
0 0.00841346 0.58774 0.0168269 0.0793269
0 0.894231 0.533654 0.0192308 0.0528846
9 0.375 0.453125 0.0192308 0.0216346
2 0.466346 0.522837 0.0240385 0.03125
0 0.317308 0.526442 0.0192308 0.0480769
0 0.288462 0.530048 0.0240385 0.0504808
9 0.884615 0.453125 0.0192308 0.03125
0 0.548077 0.534856 0.0240385 0.0552885
2 0.643029 0.527644 0.0408654 0.03125
0 0.22476 0.538462 0.0216346 0.0528846
2 0.445913 0.534856 0.0504808 0.0456731
2 0.683894 0.536058 0.0600962 0.0384615
2 0.909856 0.711538 0.180288 0.235577
2 0.0576923 0.747596 0.115385 0.168269
