0 0.0216346 0.550481 0.0288462 0.0528846
2 0.567308 0.510817 0.0240385 0.0168269
0 0.155048 0.548077 0.0264423 0.0625
9 0.340144 0.445913 0.0168269 0.03125
0 0.252404 0.536058 0.0240385 0.0576923
2 0.582933 0.515625 0.0264423 0.0216346
0 0.228365 0.549279 0.0192308 0.0504808
9 0.200721 0.483173 0.0168269 0.0192308
2 0.451923 0.527644 0.0240385 0.0360577
0 0.942308 0.543269 0.0288462 0.0721154
2 0.634615 0.527644 0.0432692 0.03125
2 0.658654 0.533654 0.0528846 0.0336538
2 0.699519 0.542067 0.0817308 0.0456731
9 0.949519 0.445913 0.0240385 0.0360577
2 0.424279 0.539663 0.0600962 0.0504808
0 0.582933 0.615385 0.09375 0.168269
