2 0.604567 0.512019 0.0264423 0.0192308
0 0.366587 0.534856 0.0168269 0.0456731
2 0.405048 0.536058 0.0216346 0.0288462
0 0.893029 0.536058 0.0216346 0.0576923
2 0.0841346 0.543269 0.0913462 0.0432692
2 0.6875 0.533654 0.0576923 0.0336538
9 0.378606 0.450721 0.0168269 0.0216346
9 0.891827 0.453125 0.0192308 0.03125
2 0.481971 0.5 0.0264423 0.0192308
2 0.647837 0.526442 0.0408654 0.0288462
0 0.228365 0.53726 0.0240385 0.0600962
2 0.449519 0.532452 0.0576923 0.0456731
2 0.0540865 0.751202 0.108173 0.15625
2 0.930288 0.715144 0.139423 0.21875
