0 0.27524 0.543269 0.0216346 0.0673077
0 0.0204327 0.551683 0.0360577 0.0552885
2 0.567308 0.512019 0.0288462 0.0192308
2 0.664663 0.532452 0.0504808 0.03125
2 0.59375 0.516827 0.0384615 0.0288462
0 0.942308 0.546875 0.0240385 0.0697115
2 0.697115 0.539663 0.0769231 0.0408654
0 0.227163 0.549279 0.0216346 0.0552885
2 0.644231 0.528846 0.0576923 0.0384615
9 0.340144 0.442308 0.0216346 0.0288462
9 0.199519 0.484375 0.0192308 0.0216346
9 0.949519 0.444712 0.0240385 0.0336538
0 0.155048 0.548077 0.03125 0.0673077
0 0.317308 0.609375 0.0576923 0.170673
2 0.463942 0.579327 0.293269 0.110577
