0 0.502404 0.615385 0.0961538 0.168269 
2 0.425481 0.538462 0.0625 0.0528846 
2 0.0264423 0.570913 0.0528846 0.0985577 
2 0.703125 0.542067 0.0841346 0.0408654 
9 0.949519 0.445913 0.0240385 0.0360577 
0 0.257212 0.538462 0.0240385 0.0625 
0 0.153846 0.546875 0.0288462 0.0649038 
2 0.655048 0.533654 0.0504808 0.0336538 
2 0.634615 0.527644 0.0432692 0.03125 
2 0.594952 0.519231 0.0360577 0.0288462 
9 0.200721 0.483173 0.0216346 0.0240385 
0 0.942308 0.546875 0.0240385 0.0649038 
2 0.582933 0.516827 0.03125 0.0240385 
9 0.340144 0.44351 0.0216346 0.03125 
