2 0.445913 0.526442 0.0552885 0.0480769
0 0.0252404 0.555288 0.0216346 0.0432692
0 0.22476 0.548077 0.0216346 0.0625
2 0.461538 0.502404 0.0336538 0.0288462
2 0.566106 0.512019 0.0264423 0.0192308
24 0.284856 0.608173 0.0408654 0.0721154
2 0.655048 0.53125 0.0600962 0.0384615
0 0.942308 0.53726 0.0288462 0.0889423
9 0.341346 0.442308 0.0192308 0.0288462
9 0.199519 0.484375 0.0192308 0.0216346
0 0.610577 0.580529 0.0817308 0.127404
9 0.949519 0.444712 0.0240385 0.0336538
0 0.137019 0.546875 0.0288462 0.0649038
0 0.294471 0.65625 0.0841346 0.245192
2 0.426683 0.538462 0.0649038 0.0528846
1 0.615385 0.61899 0.149038 0.0985577
0 0.0793269 0.605769 0.0576923 0.168269
