0 0.320913 0.536058 0.0168269 0.0480769
2 0.603365 0.522837 0.0432692 0.03125
2 0.461538 0.495192 0.0288462 0.0192308
2 0.503606 0.507212 0.0264423 0.0144231
2 0.709135 0.539663 0.0576923 0.0360577
0 0.942308 0.545673 0.0240385 0.0721154
2 0.582933 0.513221 0.0264423 0.0216346
2 0.665865 0.53125 0.0480769 0.0288462
2 0.567308 0.510817 0.0240385 0.0168269
2 0.59375 0.518029 0.0336538 0.0264423
24 0.227163 0.549279 0.0408654 0.0456731
9 0.340144 0.444712 0.0216346 0.0336538
0 0.147837 0.549279 0.0264423 0.0649038
2 0.641827 0.528846 0.0528846 0.0336538
9 0.199519 0.484375 0.0192308 0.0216346
9 0.950721 0.444712 0.0264423 0.0384615
0 0.259615 0.581731 0.0769231 0.120192
2 0.426683 0.540865 0.0649038 0.0528846
1 0.268029 0.620192 0.151442 0.0865385
0 0.110577 0.609375 0.0721154 0.170673
