0 0.0204327 0.551683 0.0360577 0.0552885
2 0.516827 0.507212 0.0288462 0.0144231
2 0.461538 0.495192 0.0240385 0.0192308
2 0.629808 0.526442 0.0432692 0.0336538
2 0.694712 0.539663 0.0721154 0.0360577
0 0.227163 0.546875 0.0216346 0.0552885
0 0.1875 0.554087 0.0144231 0.0360577
2 0.603365 0.519231 0.0288462 0.0288462
2 0.592548 0.515625 0.0360577 0.0264423
2 0.664663 0.53125 0.0456731 0.0288462
0 0.251202 0.540865 0.0216346 0.0576923
0 0.942308 0.545673 0.0240385 0.0721154
2 0.584135 0.512019 0.0288462 0.0240385
2 0.567308 0.512019 0.0240385 0.0192308
9 0.341346 0.44351 0.0192308 0.03125
0 0.153846 0.550481 0.0240385 0.0576923
2 0.643029 0.530048 0.0408654 0.0360577
9 0.199519 0.484375 0.0192308 0.0216346
9 0.949519 0.445913 0.0240385 0.0360577
2 0.426683 0.539663 0.0649038 0.0552885
0 0.576923 0.614183 0.0865385 0.170673
