2 0.582933 0.513221 0.0264423 0.0216346
10 0.941106 0.546875 0.0264423 0.0649038
0 0.304087 0.538462 0.0216346 0.0721154
2 0.503606 0.504808 0.03125 0.0192308
2 0.46274 0.501202 0.03125 0.03125
2 0.628606 0.526442 0.0456731 0.0336538
2 0.664663 0.532452 0.0456731 0.03125
0 0.941106 0.545673 0.0264423 0.0721154
2 0.566106 0.512019 0.0264423 0.0240385
9 0.199519 0.483173 0.0192308 0.0192308
0 0.258413 0.532452 0.0216346 0.0600962
9 0.341346 0.444712 0.0192308 0.0288462
2 0.592548 0.519231 0.0360577 0.0288462
2 0.705529 0.540865 0.0649038 0.0384615
0 0.545673 0.539663 0.0240385 0.0600962
2 0.643029 0.53125 0.0456731 0.0384615
9 0.948317 0.444712 0.0216346 0.0336538
2 0.427885 0.538462 0.0625 0.0528846
2 0.134615 0.582933 0.269231 0.108173
