0 0.227163 0.543269 0.0216346 0.0625
2 0.503606 0.504808 0.0264423 0.0192308
2 0.603365 0.520433 0.0288462 0.03125
2 0.461538 0.495192 0.0240385 0.0192308
0 0.0204327 0.540865 0.0360577 0.0769231
2 0.591346 0.516827 0.0336538 0.0240385
2 0.582933 0.513221 0.0264423 0.0216346
2 0.667067 0.528846 0.0456731 0.0240385
2 0.566106 0.510817 0.0216346 0.0168269
2 0.632212 0.527644 0.0384615 0.0360577
0 0.942308 0.544471 0.0240385 0.0745192
9 0.199519 0.484375 0.0192308 0.0216346
9 0.341346 0.444712 0.0192308 0.0288462
2 0.707933 0.540865 0.0552885 0.0384615
0 0.155048 0.548077 0.0264423 0.0625
0 0.247596 0.533654 0.0240385 0.0673077
9 0.949519 0.445913 0.0240385 0.0360577
2 0.425481 0.539663 0.0625 0.0552885
0 0.770433 0.611779 0.0504808 0.170673
