2 0.796875 0.584135 0.305288 0.110577 
0 0.219952 0.608173 0.0985577 0.173077 
2 0.425481 0.538462 0.0625 0.0528846 
0 0.288462 0.545673 0.0288462 0.0625 
9 0.948317 0.445913 0.0216346 0.0360577 
0 0.153846 0.546875 0.0288462 0.0649038 
2 0.65625 0.532452 0.0625 0.0360577 
0 0.942308 0.548077 0.0240385 0.0625 
2 0.594952 0.519231 0.0360577 0.0288462 
0 0.320913 0.536058 0.0168269 0.0480769 
9 0.341346 0.44351 0.0192308 0.03125 
9 0.200721 0.483173 0.0216346 0.0240385 
2 0.584135 0.515625 0.0288462 0.0264423 
