2 0.605769 0.521635 0.0288462 0.0288462
2 0.570913 0.512019 0.0264423 0.0192308
0 0.179087 0.546875 0.0216346 0.0504808
3 0.00841346 0.580529 0.0168269 0.0408654
0 0.227163 0.548077 0.0216346 0.0528846
2 0.581731 0.515625 0.0240385 0.0216346
9 0.340144 0.44351 0.0168269 0.03125
9 0.200721 0.484375 0.0168269 0.0216346
0 0.153846 0.549279 0.0240385 0.0600962
2 0.451923 0.527644 0.0240385 0.0360577
0 0.941106 0.543269 0.0264423 0.0769231
0 0.253606 0.536058 0.0216346 0.0673077
2 0.634615 0.528846 0.0432692 0.0336538
2 0.65625 0.533654 0.0480769 0.0336538
9 0.950721 0.445913 0.0216346 0.0360577
2 0.700721 0.542067 0.0793269 0.0456731
2 0.423077 0.539663 0.0625 0.0504808
0 0.508413 0.616587 0.0889423 0.170673
