0 0.385817 0.448317 0.0408654 0.0889423
2 0.22476 0.6875 0.449519 0.0769231
0 0.78125 0.402644 0.0144231 0.0408654
28 0.373798 0.49399 0.0408654 0.0456731
0 0.825721 0.421875 0.0360577 0.0697115
26 0.384615 0.44351 0.0384615 0.0649038
2 0.341346 0.658654 0.677885 0.139423
0 0.871394 0.418269 0.0216346 0.0528846
24 0.383413 0.441106 0.0360577 0.0649038
2 0.96274 0.413462 0.0745192 0.0769231
2 0.758413 0.375 0.03125 0.0240385
0 0.740385 0.399038 0.0192308 0.0625
0 0.41226 0.46274 0.0552885 0.185096
