2 0.667067 0.533654 0.0456731 0.0336538
2 0.503606 0.504808 0.03125 0.0192308
2 0.694712 0.536058 0.0673077 0.0336538
2 0.461538 0.495192 0.0288462 0.0240385
0 0.247596 0.536058 0.0192308 0.0625
2 0.584135 0.514423 0.0288462 0.0240385
2 0.566106 0.512019 0.0216346 0.0192308
9 0.341346 0.442308 0.0240385 0.0288462
2 0.59375 0.518029 0.0384615 0.0264423
9 0.199519 0.483173 0.0192308 0.0192308
0 0.152644 0.549279 0.0264423 0.0600962
0 0.94351 0.545673 0.0264423 0.0721154
2 0.638221 0.527644 0.0456731 0.0360577
9 0.949519 0.445913 0.0240385 0.0360577
0 0.719952 0.610577 0.0793269 0.182692
2 0.426683 0.539663 0.0649038 0.0552885
