5 0.125 0.518029 0.25 0.223558 
2 0.445913 0.534856 0.0600962 0.0504808 
2 0.716346 0.539663 0.0721154 0.0456731 
9 0.956731 0.444712 0.0192308 0.0384615 
0 0.954327 0.530048 0.0336538 0.0985577 
0 0.299279 0.532452 0.0216346 0.0600962 
0 0.330529 0.528846 0.0168269 0.0480769 
2 0.670673 0.53125 0.0432692 0.0336538 
0 0.549279 0.543269 0.0216346 0.0576923 
2 0.655048 0.528846 0.0408654 0.0336538 
0 0.606971 0.543269 0.03125 0.0625 
9 0.362981 0.442308 0.0240385 0.0336538 
2 0.591346 0.510817 0.0384615 0.0216346 
0 0.264423 0.539663 0.0192308 0.0456731 
