0 0.0192308 0.551683 0.0336538 0.0552885
2 0.629808 0.526442 0.0432692 0.0336538
2 0.663462 0.532452 0.0480769 0.03125
0 0.491587 0.542067 0.0216346 0.0600962
2 0.567308 0.510817 0.0240385 0.0168269
0 0.155048 0.549279 0.0264423 0.0600962
2 0.584135 0.514423 0.0288462 0.0240385
0 0.227163 0.549279 0.0216346 0.0504808
9 0.199519 0.484375 0.0192308 0.0216346
0 0.941106 0.548077 0.0264423 0.0673077
2 0.594952 0.518029 0.0360577 0.0264423
9 0.340144 0.442308 0.0216346 0.0288462
2 0.701923 0.540865 0.0673077 0.0432692
2 0.644231 0.530048 0.0480769 0.0360577
0 0.263221 0.534856 0.0216346 0.0552885
9 0.949519 0.445913 0.0240385 0.0360577
2 0.425481 0.538462 0.0625 0.0528846
