2 0.503606 0.50601 0.03125 0.0168269
2 0.441106 0.530048 0.0600962 0.0456731
0 0.0240385 0.555288 0.0288462 0.0432692
0 0.21274 0.549279 0.0216346 0.0600962
0 0.0877404 0.552885 0.0216346 0.0769231
9 0.199519 0.483173 0.0192308 0.0192308
2 0.46274 0.501202 0.0360577 0.03125
2 0.705529 0.540865 0.0600962 0.0384615
2 0.605769 0.520433 0.0288462 0.03125
2 0.567308 0.510817 0.0240385 0.0168269
2 0.592548 0.518029 0.0360577 0.0264423
2 0.655048 0.53125 0.0504808 0.0336538
0 0.294471 0.543269 0.0216346 0.0673077
2 0.582933 0.514423 0.0264423 0.0240385
9 0.340144 0.442308 0.0216346 0.0288462
2 0.637019 0.527644 0.0432692 0.0360577
0 0.944712 0.538462 0.0288462 0.0865385
9 0.949519 0.445913 0.0240385 0.0360577
2 0.426683 0.539663 0.0649038 0.0552885
0 0.111779 0.582933 0.0504808 0.141827
0 0.836538 0.633413 0.100962 0.228365
