0 0.378606 0.527644 0.0168269 0.0504808
0 0.991587 0.530048 0.0168269 0.0889423
2 0.643029 0.509615 0.0264423 0.0144231
0 0.973558 0.532452 0.0288462 0.0841346
0 0.340144 0.527644 0.0168269 0.0456731
2 0.584135 0.501202 0.0240385 0.0168269
9 0.283654 0.481971 0.0144231 0.0216346
2 0.526442 0.498798 0.0288462 0.0264423
0 0.302885 0.528846 0.0192308 0.0528846
2 0.623798 0.508413 0.0216346 0.0168269
9 0.413462 0.444712 0.0192308 0.0288462
9 0.984375 0.444712 0.03125 0.0384615
2 0.694712 0.524038 0.0384615 0.0288462
2 0.751202 0.53726 0.0649038 0.0408654
0 0.248798 0.538462 0.0264423 0.0625
2 0.486779 0.533654 0.0504808 0.0480769
