1 0.950721 0.551683 0.03125 0.0504808
9 0.359375 0.456731 0.0216346 0.0480769
2 0.604567 0.518029 0.03125 0.03125
2 0.578125 0.510817 0.0264423 0.0168269
2 0.653846 0.527644 0.0432692 0.03125
2 0.467548 0.526442 0.0216346 0.0384615
0 0.328125 0.527644 0.0168269 0.0504808
2 0.478365 0.508413 0.0288462 0.03125
0 0.948317 0.543269 0.03125 0.0673077
0 0.551683 0.543269 0.0216346 0.0625
9 0.955529 0.444712 0.0168269 0.0336538
2 0.670673 0.53125 0.0528846 0.0384615
2 0.438702 0.53726 0.0600962 0.0504808
2 0.711538 0.539663 0.0769231 0.0456731
5 0.143029 0.519231 0.286058 0.221154
