36 0.752404 0.695913 0.0480769 0.0168269
2 0.603365 0.520433 0.0288462 0.0264423
2 0.461538 0.495192 0.0240385 0.0192308
0 0.0204327 0.545673 0.0360577 0.0673077
2 0.504808 0.504808 0.0288462 0.0192308
2 0.661058 0.530048 0.0528846 0.03125
0 0.248798 0.536058 0.0216346 0.0625
2 0.567308 0.510817 0.0240385 0.0168269
0 0.942308 0.544471 0.0240385 0.0745192
2 0.584135 0.514423 0.0288462 0.0240385
9 0.341346 0.442308 0.0192308 0.0288462
2 0.709135 0.540865 0.0528846 0.0384615
2 0.633413 0.526442 0.0360577 0.0336538
9 0.199519 0.484375 0.0192308 0.0216346
0 0.152644 0.549279 0.0264423 0.0649038
9 0.949519 0.445913 0.0240385 0.0360577
2 0.426683 0.539663 0.0649038 0.0552885
0 0.753606 0.610577 0.0552885 0.177885
