2 0.564904 0.502404 0.0240385 0.0144231
9 0.40024 0.448317 0.0216346 0.0216346
9 0.401442 0.457933 0.0288462 0.0456731
9 0.927885 0.447115 0.0192308 0.0336538
2 0.605769 0.509615 0.0288462 0.0192308
2 0.663462 0.520433 0.0336538 0.0216346
2 0.620192 0.509615 0.0240385 0.0192308
9 0.278846 0.481971 0.00961538 0.0216346
0 0.00600962 0.585337 0.0120192 0.09375
2 0.507212 0.501202 0.0288462 0.0264423
0 0.929087 0.536058 0.0216346 0.0625
0 0.245192 0.53726 0.0240385 0.0600962
2 0.673077 0.52524 0.0480769 0.03125
2 0.719952 0.533654 0.0745192 0.0384615
2 0.967548 0.742788 0.0649038 0.173077
2 0.471154 0.53125 0.0576923 0.0480769
2 0.0396635 0.780048 0.0793269 0.103365
