2 0.457933 0.519231 0.0264423 0.0336538
9 0.340144 0.444712 0.0168269 0.0288462
0 0.225962 0.546875 0.0192308 0.0552885
0 0.0252404 0.554087 0.0264423 0.0456731
2 0.466346 0.509615 0.0288462 0.0336538
0 0.293269 0.543269 0.0240385 0.0673077
24 0.31851 0.609375 0.03125 0.0649038
9 0.200721 0.483173 0.0168269 0.0192308
2 0.451923 0.526442 0.0240385 0.0336538
24 0.616587 0.552885 0.0408654 0.0432692
0 0.942308 0.544471 0.0288462 0.0745192
0 0.135817 0.545673 0.03125 0.0721154
9 0.950721 0.445913 0.0216346 0.0360577
2 0.697115 0.540865 0.0817308 0.0432692
0 0.651442 0.582933 0.0769231 0.127404
2 0.424279 0.539663 0.0600962 0.0504808
1 0.652644 0.620192 0.151442 0.0913462
0 0.338942 0.659856 0.0865385 0.237981
0 0.0769231 0.604567 0.0576923 0.165865
