1 0.620192 0.55649 0.0288462 0.0360577
2 0.46274 0.528846 0.0456731 0.0384615
2 0.473558 0.524038 0.0240385 0.0336538
0 0.192308 0.540865 0.0240385 0.0673077
2 0.487981 0.508413 0.0288462 0.03125
2 0.588942 0.510817 0.0240385 0.0168269
2 0.608173 0.513221 0.0288462 0.0216346
0 0.33774 0.528846 0.0168269 0.0480769
0 0.544471 0.539663 0.0216346 0.0600962
0 0.960337 0.533654 0.03125 0.0865385
2 0.657452 0.527644 0.0408654 0.03125
9 0.371394 0.442308 0.0216346 0.0288462
2 0.673077 0.53125 0.0432692 0.0336538
9 0.963942 0.44351 0.0240385 0.0360577
2 0.719952 0.53726 0.0745192 0.0456731
2 0.450721 0.53726 0.0600962 0.0504808
5 0.0877404 0.518029 0.175481 0.213942
