0 0.104567 0.608173 0.0793269 0.168269 
1 0.30649 0.61899 0.146635 0.0889423 
2 0.425481 0.538462 0.0625 0.0528846 
0 0.147837 0.544471 0.0264423 0.0697115 
0 0.304087 0.581731 0.0841346 0.139423 
2 0.699519 0.542067 0.0769231 0.0408654 
9 0.948317 0.445913 0.0216346 0.0360577 
24 0.269231 0.551683 0.0432692 0.0360577 
2 0.655048 0.533654 0.0504808 0.0336538 
0 0.908654 0.542067 0.0192308 0.0552885 
0 0.942308 0.546875 0.0240385 0.0649038 
2 0.635817 0.528846 0.0408654 0.0336538 
9 0.200721 0.483173 0.0216346 0.0240385 
9 0.341346 0.442308 0.0192308 0.0288462 
2 0.594952 0.519231 0.0360577 0.0288462 
2 0.604567 0.522837 0.0360577 0.03125 
2 0.585337 0.516827 0.03125 0.0240385 
