2 0.604567 0.524038 0.0264423 0.0288462
0 0.94351 0.545673 0.0264423 0.0721154
2 0.627404 0.526442 0.0480769 0.0336538
0 0.258413 0.542067 0.0216346 0.0600962
2 0.461538 0.495192 0.0240385 0.0192308
2 0.664663 0.53125 0.0504808 0.0288462
2 0.567308 0.512019 0.0240385 0.0192308
2 0.706731 0.540865 0.0576923 0.0384615
2 0.584135 0.515625 0.0288462 0.0264423
9 0.341346 0.442308 0.0192308 0.0288462
2 0.592548 0.519231 0.0360577 0.0288462
9 0.199519 0.484375 0.0192308 0.0216346
2 0.643029 0.530048 0.0456731 0.0360577
9 0.949519 0.444712 0.0240385 0.0336538
2 0.424279 0.538462 0.0600962 0.0528846
0 0.455529 0.612981 0.0552885 0.177885
2 0.0793269 0.572115 0.158654 0.110577
