2 0.705529 0.539663 0.0552885 0.03125
2 0.463942 0.501202 0.0336538 0.03125
0 0.0204327 0.551683 0.0360577 0.0552885
0 0.228365 0.548077 0.0192308 0.0528846
2 0.584135 0.513221 0.0288462 0.0216346
2 0.566106 0.510817 0.0216346 0.0168269
0 0.942308 0.546875 0.0240385 0.0697115
9 0.341346 0.442308 0.0192308 0.0288462
2 0.653846 0.530048 0.0673077 0.03125
0 0.153846 0.550481 0.0288462 0.0576923
9 0.199519 0.483173 0.0192308 0.0192308
9 0.949519 0.445913 0.0240385 0.0360577
2 0.427885 0.539663 0.0673077 0.0552885
0 0.63101 0.610577 0.0552885 0.173077
