2 0.908654 0.585337 0.182692 0.108173 
0 0.180288 0.608173 0.0528846 0.173077 
2 0.425481 0.538462 0.0625 0.0528846 
1 0.0384615 0.612981 0.0769231 0.0865385 
9 0.949519 0.445913 0.0240385 0.0360577 
2 0.698317 0.540865 0.0793269 0.0432692 
2 0.645433 0.530048 0.0504808 0.03125 
0 0.0192308 0.573317 0.0384615 0.141827 
0 0.292067 0.544471 0.0264423 0.0649038 
0 0.151442 0.544471 0.0288462 0.0697115 
9 0.200721 0.483173 0.0216346 0.0240385 
2 0.633413 0.526442 0.0408654 0.0336538 
9 0.342548 0.442308 0.0216346 0.0288462 
0 0.227163 0.548077 0.0216346 0.0576923 
