0 0.59976 0.610577 0.0649038 0.173077 
2 0.425481 0.538462 0.0625 0.0528846 
9 0.949519 0.445913 0.0240385 0.0360577 
2 0.643029 0.530048 0.0504808 0.03125 
0 0.153846 0.548077 0.0288462 0.0625 
2 0.698317 0.539663 0.0793269 0.0408654 
0 0.942308 0.546875 0.0240385 0.0649038 
9 0.200721 0.483173 0.0216346 0.0192308 
0 0.251202 0.539663 0.0216346 0.0600962 
2 0.65625 0.532452 0.0576923 0.03125 
2 0.585337 0.515625 0.03125 0.0264423 
9 0.342548 0.44351 0.0216346 0.03125 
0 0.227163 0.551683 0.0168269 0.0504808 
2 0.569712 0.509615 0.0336538 0.0240385 
