0 0.134615 0.545673 0.0240385 0.0576923
2 0.442308 0.527644 0.0576923 0.0456731
24 0.88101 0.560096 0.03125 0.0432692
2 0.461538 0.496394 0.0288462 0.0216346
0 0.0228365 0.555288 0.0264423 0.0432692
0 0.294471 0.544471 0.0216346 0.0649038
0 0.942308 0.549279 0.0240385 0.0649038
24 0.5625 0.605769 0.0384615 0.0673077
2 0.46274 0.503606 0.0360577 0.03125
2 0.567308 0.510817 0.0240385 0.0168269
2 0.592548 0.515625 0.0360577 0.0216346
2 0.584135 0.513221 0.0288462 0.0216346
2 0.705529 0.540865 0.0600962 0.0384615
9 0.199519 0.484375 0.0192308 0.0216346
2 0.637019 0.527644 0.0432692 0.0360577
0 0.116587 0.552885 0.0264423 0.0769231
9 0.341346 0.442308 0.0192308 0.0288462
0 0.222356 0.549279 0.0216346 0.0600962
2 0.655048 0.53125 0.0504808 0.0336538
9 0.949519 0.445913 0.0240385 0.0360577
0 0.901442 0.591346 0.0769231 0.115385
1 0.902644 0.61899 0.127404 0.0889423
2 0.427885 0.540865 0.0673077 0.0528846
0 0.579327 0.644231 0.0721154 0.240385
0 0.0889423 0.59375 0.0528846 0.153846
