9 0.199519 0.483173 0.0144231 0.0192308
9 0.143029 0.28726 0.0216346 0.0600962
9 0.340144 0.44351 0.0168269 0.03125
2 0.582933 0.515625 0.0264423 0.0216346
2 0.567308 0.510817 0.0192308 0.0168269
2 0.451923 0.527644 0.0240385 0.0360577
2 0.640625 0.530048 0.0504808 0.03125
0 0.942308 0.540865 0.0288462 0.0817308
2 0.657452 0.533654 0.0504808 0.0336538
2 0.699519 0.542067 0.0769231 0.0408654
9 0.950721 0.444712 0.0264423 0.0384615
2 0.423077 0.538462 0.0625 0.0480769
0 0.361779 0.617788 0.09375 0.158654
2 0.286058 0.576923 0.3125 0.110577
