9 0.338942 0.450721 0.0288462 0.0456731
0 0.971154 0.542067 0.0288462 0.0649038
2 0.591346 0.516827 0.0288462 0.0240385
0 0.832933 0.617788 0.127404 0.0961538
2 0.566106 0.510817 0.0216346 0.0168269
9 0.200721 0.484375 0.0168269 0.0216346
9 0.340144 0.444712 0.0168269 0.0288462
0 0.294471 0.545673 0.0216346 0.0625
2 0.581731 0.515625 0.0240385 0.0216346
2 0.451923 0.526442 0.0240385 0.0336538
0 0.0216346 0.551683 0.0288462 0.0504808
24 0.804087 0.551683 0.0360577 0.0456731
0 0.225962 0.549279 0.0192308 0.0552885
2 0.637019 0.528846 0.0480769 0.0336538
24 0.501202 0.603365 0.0408654 0.0817308
0 0.942308 0.540865 0.0288462 0.0817308
2 0.657452 0.533654 0.0504808 0.0336538
9 0.949519 0.445913 0.0240385 0.0360577
2 0.699519 0.542067 0.0769231 0.0456731
0 0.122596 0.545673 0.0288462 0.0721154
0 0.834135 0.588942 0.0817308 0.125
2 0.424279 0.539663 0.0600962 0.0504808
1 0.834135 0.622596 0.134615 0.0865385
0 0.0853365 0.600962 0.0552885 0.158654
0 0.515625 0.649038 0.117788 0.240385
