2 0.582933 0.515625 0.0360577 0.0264423
0 0.0649038 0.530048 0.0192308 0.0552885
2 0.463942 0.501202 0.0336538 0.0264423
2 0.503606 0.50601 0.0264423 0.0168269
2 0.646635 0.52524 0.0721154 0.0264423
1 0.263221 0.544471 0.03125 0.0649038
1 0.264423 0.560096 0.0240385 0.0336538
2 0.567308 0.513221 0.0288462 0.0264423
0 0.0192308 0.551683 0.0336538 0.0552885
9 0.199519 0.484375 0.0192308 0.0216346
0 0.313702 0.520433 0.0120192 0.0360577
9 0.341346 0.44351 0.0192308 0.0264423
0 0.262019 0.539663 0.0288462 0.0745192
0 0.153846 0.546875 0.0288462 0.0697115
0 0.942308 0.548077 0.0240385 0.0673077
9 0.949519 0.445913 0.0240385 0.0360577
2 0.426683 0.539663 0.0649038 0.0552885
0 0.894231 0.614183 0.0625 0.165865
2 0.649038 0.586538 0.322115 0.105769
