10 0.941106 0.546875 0.0264423 0.0649038
2 0.46274 0.495192 0.0264423 0.0192308
2 0.629808 0.52524 0.0480769 0.0360577
2 0.504808 0.50601 0.0288462 0.0168269
0 0.225962 0.548077 0.0192308 0.0528846
2 0.664663 0.53125 0.0456731 0.0288462
0 0.52524 0.538462 0.0264423 0.0576923
2 0.603365 0.520433 0.0288462 0.03125
2 0.697115 0.539663 0.0769231 0.0360577
9 0.199519 0.484375 0.0192308 0.0216346
2 0.567308 0.510817 0.0240385 0.0168269
2 0.59375 0.518029 0.0336538 0.0264423
2 0.582933 0.514423 0.0264423 0.0240385
0 0.941106 0.545673 0.0264423 0.0721154
2 0.643029 0.530048 0.0456731 0.0360577
9 0.342548 0.44351 0.0216346 0.03125
0 0.317308 0.546875 0.0240385 0.0600962
9 0.949519 0.445913 0.0240385 0.0360577
0 0.262019 0.534856 0.0192308 0.0600962
0 0.153846 0.546875 0.0288462 0.0697115
2 0.03125 0.591346 0.0625 0.0673077
2 0.425481 0.538462 0.0625 0.0528846
