0 0.852163 0.534856 0.0168269 0.0456731
2 0.598558 0.526442 0.0432692 0.0288462
9 0.358173 0.460337 0.0192308 0.03125
2 0.447115 0.524038 0.0240385 0.0288462
0 0.310096 0.534856 0.0144231 0.0360577
0 0.965144 0.546875 0.0264423 0.0504808
0 0.325721 0.534856 0.0168269 0.0408654
0 0.304087 0.530048 0.0168269 0.0456731
0 0.102163 0.540865 0.0264423 0.0480769
0 0.554087 0.538462 0.0216346 0.0528846
2 0.617788 0.527644 0.0432692 0.03125
9 0.846154 0.455529 0.0144231 0.0264423
2 0.65024 0.534856 0.0697115 0.0360577
0 0.0132212 0.572115 0.0264423 0.0913462
0 0.215144 0.53726 0.0264423 0.0552885
2 0.425481 0.534856 0.0480769 0.0408654
2 0.0757212 0.723558 0.151442 0.211538
2 0.883413 0.701923 0.233173 0.264423
