2 0.567308 0.510817 0.0192308 0.0168269
0 0.326923 0.538462 0.0144231 0.0432692
0 0.0276442 0.55649 0.0216346 0.0408654
2 0.438702 0.527644 0.0456731 0.0360577
2 0.581731 0.515625 0.0240385 0.0216346
2 0.451923 0.527644 0.0240385 0.0360577
9 0.200721 0.483173 0.0168269 0.0192308
26 0.987981 0.591346 0.0240385 0.0576923
9 0.340144 0.442308 0.0168269 0.0288462
0 0.195913 0.549279 0.0264423 0.0600962
0 0.282452 0.544471 0.0216346 0.0697115
2 0.639423 0.528846 0.0480769 0.0336538
0 0.94351 0.538462 0.03125 0.0865385
2 0.65625 0.533654 0.0528846 0.0336538
9 0.949519 0.444712 0.0240385 0.0384615
2 0.699519 0.540865 0.0721154 0.0432692
0 0.980769 0.645433 0.0384615 0.180288
0 0.125 0.574519 0.0480769 0.125
2 0.425481 0.539663 0.0625 0.0504808
0 0.0625 0.545673 0.0336538 0.0817308
