2 0.370192 0.586538 0.336538 0.105769 
0 0.959135 0.617788 0.0625 0.168269 
2 0.429087 0.534856 0.0600962 0.0456731 
2 0.700721 0.540865 0.0745192 0.0432692 
9 0.948317 0.445913 0.0216346 0.0360577 
0 0.152644 0.546875 0.03125 0.0649038 
2 0.644231 0.530048 0.0480769 0.03125 
0 0.939904 0.546875 0.0240385 0.0649038 
9 0.341346 0.457933 0.0240385 0.0552885 
2 0.65625 0.533654 0.0480769 0.0336538 
0 0.570913 0.540865 0.0264423 0.0625 
9 0.200721 0.483173 0.0216346 0.0240385 
2 0.56851 0.509615 0.0360577 0.0192308 
