2 0.644231 0.510817 0.0240385 0.0168269
0 0.133413 0.542067 0.03125 0.0504808
0 0.519231 0.544471 0.0384615 0.0504808
9 0.415865 0.450721 0.0192308 0.0264423
9 0.288462 0.481971 0.0144231 0.0216346
0 0.326923 0.530048 0.0144231 0.0504808
0 0.342548 0.528846 0.0168269 0.0480769
9 0.979567 0.442308 0.0216346 0.0288462
0 0.383413 0.526442 0.0168269 0.0480769
0 0.973558 0.528846 0.0288462 0.0865385
2 0.527644 0.50601 0.03125 0.0360577
2 0.704327 0.528846 0.0432692 0.0336538
2 0.75 0.53726 0.0769231 0.0408654
2 0.487981 0.533654 0.0528846 0.0480769
0 0.253606 0.53726 0.0264423 0.0649038
