0 0.3125 0.519231 0.0144231 0.0336538
2 0.635817 0.52524 0.0456731 0.03125
2 0.594952 0.516827 0.0408654 0.0240385
2 0.567308 0.512019 0.0288462 0.0192308
0 0.277644 0.53726 0.0216346 0.0649038
0 0.257212 0.533654 0.0192308 0.0625
2 0.425481 0.522837 0.0576923 0.0264423
9 0.199519 0.484375 0.0192308 0.0216346
0 0.225962 0.549279 0.0192308 0.0552885
9 0.340144 0.444712 0.0216346 0.0288462
2 0.652644 0.53125 0.0649038 0.0384615
2 0.695913 0.539663 0.0793269 0.0408654
0 0.153846 0.548077 0.0288462 0.0673077
9 0.949519 0.445913 0.0240385 0.0360577
0 0.938702 0.616587 0.0793269 0.175481
2 0.480769 0.586538 0.326923 0.105769
