2 0.567308 0.510817 0.0192308 0.0168269
2 0.465144 0.512019 0.0264423 0.0336538
0 0.293269 0.543269 0.0240385 0.0673077
2 0.451923 0.527644 0.0240385 0.0360577
9 0.200721 0.483173 0.0168269 0.0192308
2 0.582933 0.515625 0.0216346 0.0216346
0 0.0228365 0.551683 0.0264423 0.0504808
9 0.338942 0.459135 0.0240385 0.0576923
2 0.638221 0.530048 0.0456731 0.03125
0 0.94351 0.543269 0.03125 0.0769231
24 0.84375 0.594952 0.0336538 0.0600962
2 0.657452 0.533654 0.0552885 0.0336538
0 0.0889423 0.549279 0.0288462 0.0841346
9 0.949519 0.445913 0.0240385 0.0360577
2 0.699519 0.542067 0.0769231 0.0456731
2 0.425481 0.539663 0.0625 0.0504808
0 0.856971 0.632212 0.0985577 0.216346
0 0.114183 0.579327 0.0504808 0.139423
