2 0.526442 0.50601 0.0288462 0.03125
0 0.384615 0.527644 0.0144231 0.0456731
2 0.512019 0.522837 0.0240385 0.0360577
2 0.665865 0.520433 0.0288462 0.0264423
0 0.967548 0.540865 0.0168269 0.0576923
2 0.621394 0.508413 0.0168269 0.0168269
2 0.641827 0.514423 0.0240385 0.0240385
2 0.682692 0.524038 0.0384615 0.0288462
2 0.703125 0.527644 0.0456731 0.03125
9 0.965144 0.444712 0.0216346 0.0288462
0 0.352163 0.532452 0.0216346 0.0504808
2 0.490385 0.53125 0.0576923 0.0480769
0 0.259615 0.534856 0.0240385 0.0649038
2 0.741587 0.53726 0.0745192 0.0408654
