0 0.262019 0.659856 0.134615 0.252404 
0 0.078125 0.605769 0.0600962 0.168269 
1 0.578125 0.620192 0.151442 0.0913462 
2 0.425481 0.538462 0.0625 0.0528846 
0 0.140625 0.544471 0.03125 0.0649038 
2 0.698317 0.542067 0.0793269 0.0408654 
0 0.573317 0.579327 0.0793269 0.134615 
9 0.948317 0.445913 0.0216346 0.0360577 
24 0.542067 0.551683 0.0504808 0.0408654 
2 0.640625 0.528846 0.0504808 0.0336538 
2 0.65625 0.533654 0.0528846 0.0336538 
0 0.94351 0.543269 0.0264423 0.0721154 
9 0.201923 0.483173 0.0192308 0.0240385 
9 0.341346 0.442308 0.0192308 0.0288462 
2 0.463942 0.50601 0.0336538 0.0408654 
24 0.246394 0.603365 0.0408654 0.0625 
2 0.605769 0.522837 0.0336538 0.03125 
