0 0.0216346 0.549279 0.0336538 0.0552885
2 0.456731 0.519231 0.0240385 0.0336538
2 0.465144 0.510817 0.0264423 0.0360577
2 0.566106 0.510817 0.0216346 0.0168269
0 0.25 0.536058 0.0240385 0.0625
2 0.657452 0.533654 0.0456731 0.0384615
2 0.591346 0.518029 0.0288462 0.0216346
2 0.581731 0.515625 0.0240385 0.0216346
9 0.340144 0.444712 0.0168269 0.0288462
0 0.152644 0.548077 0.0264423 0.0625
9 0.199519 0.483173 0.0144231 0.0192308
2 0.451923 0.527644 0.0240385 0.0360577
0 0.942308 0.544471 0.0288462 0.0745192
2 0.643029 0.53125 0.0408654 0.0336538
2 0.703125 0.538462 0.0649038 0.0384615
9 0.950721 0.445913 0.0216346 0.0360577
2 0.424279 0.539663 0.0600962 0.0504808
0 0.700721 0.614183 0.0600962 0.170673
