2 0.628606 0.508413 0.0264423 0.0168269
2 0.682692 0.524038 0.0384615 0.0288462
2 0.643029 0.512019 0.0264423 0.0192308
0 0.388221 0.526442 0.0168269 0.0480769
9 0.413462 0.460337 0.0240385 0.0456731
0 0.353365 0.530048 0.0192308 0.0504808
2 0.527644 0.504808 0.0360577 0.0336538
0 0.972356 0.533654 0.0216346 0.0721154
0 0.540865 0.53125 0.0192308 0.0625
2 0.737981 0.532452 0.0817308 0.0408654
2 0.707933 0.527644 0.0552885 0.0360577
0 0.258413 0.53726 0.0216346 0.0600962
9 0.971154 0.44351 0.0240385 0.0360577
2 0.491587 0.53125 0.0552885 0.0480769
