2 0.675481 0.536058 0.0865385 0.0384615
2 0.442308 0.53125 0.0528846 0.0432692
2 0.46274 0.495192 0.0264423 0.0192308
2 0.558894 0.509615 0.0264423 0.0144231
0 0.0204327 0.550481 0.0360577 0.0576923
2 0.665865 0.532452 0.0480769 0.03125
2 0.582933 0.512019 0.0264423 0.0192308
2 0.59375 0.514423 0.0336538 0.0240385
0 0.227163 0.549279 0.0216346 0.0552885
2 0.567308 0.510817 0.0240385 0.0168269
0 0.292067 0.546875 0.0264423 0.0600962
2 0.705529 0.540865 0.0649038 0.0384615
9 0.341346 0.442308 0.0192308 0.0288462
2 0.643029 0.53125 0.0504808 0.0384615
0 0.151442 0.544471 0.0288462 0.0745192
9 0.199519 0.484375 0.0192308 0.0216346
1 0.0204327 0.623798 0.0408654 0.0600962
9 0.949519 0.445913 0.0240385 0.0360577
2 0.425481 0.539663 0.0625 0.0504808
0 0.191106 0.605769 0.0552885 0.173077
2 0.888221 0.582933 0.223558 0.108173
