0 0.00841346 0.592548 0.0168269 0.0793269
9 0.403846 0.448317 0.0240385 0.0264423
0 0.13101 0.539663 0.0264423 0.0504808
0 0.93149 0.536058 0.0216346 0.0576923
0 0.371394 0.530048 0.0216346 0.0504808
2 0.629808 0.512019 0.0240385 0.0192308
2 0.606971 0.508413 0.0216346 0.0168269
2 0.671875 0.522837 0.0360577 0.0264423
0 0.379808 0.526442 0.0144231 0.0480769
0 0.364183 0.530048 0.0168269 0.0456731
2 0.685096 0.527644 0.0480769 0.03125
0 0.549279 0.530048 0.0168269 0.0408654
2 0.721154 0.533654 0.0673077 0.0384615
2 0.975962 0.75601 0.0480769 0.151442
9 0.936298 0.448317 0.0168269 0.03125
0 0.25 0.534856 0.0240385 0.0600962
2 0.475962 0.532452 0.0528846 0.0456731
2 0.0384615 0.782452 0.0769231 0.103365
