2 0.461538 0.495192 0.0240385 0.0192308
0 0.227163 0.546875 0.0216346 0.0552885
0 0.0204327 0.551683 0.0360577 0.0552885
2 0.606971 0.522837 0.0408654 0.03125
0 0.941106 0.546875 0.0264423 0.0697115
2 0.566106 0.512019 0.0264423 0.0192308
0 0.254808 0.543269 0.0192308 0.0576923
2 0.698317 0.539663 0.0745192 0.0408654
9 0.341346 0.442308 0.0192308 0.0288462
2 0.635817 0.527644 0.0456731 0.0360577
2 0.584135 0.514423 0.0288462 0.0240385
9 0.199519 0.484375 0.0192308 0.0216346
2 0.655048 0.532452 0.0600962 0.0360577
0 0.152644 0.549279 0.0264423 0.0600962
9 0.949519 0.445913 0.0240385 0.0360577
2 0.426683 0.540865 0.0649038 0.0528846
0 0.524038 0.614183 0.0625 0.165865
