2 0.635817 0.519231 0.0408654 0.0192308
2 0.584135 0.513221 0.0288462 0.0216346
2 0.460337 0.501202 0.03125 0.0264423
0 0.0204327 0.551683 0.0360577 0.0552885
2 0.564904 0.509615 0.0240385 0.0144231
0 0.320913 0.536058 0.0168269 0.0432692
0 0.942308 0.545673 0.0288462 0.0721154
9 0.340144 0.442308 0.0216346 0.0288462
9 0.199519 0.484375 0.0192308 0.0216346
0 0.153846 0.549279 0.0288462 0.0649038
9 0.950721 0.444712 0.0264423 0.0384615
0 0.286058 0.544471 0.0240385 0.0600962
2 0.426683 0.539663 0.0649038 0.0552885
0 0.231971 0.609375 0.0745192 0.170673
2 0.753606 0.581731 0.305288 0.110577
