28 0.370192 0.495192 0.0432692 0.0432692
0 0.715144 0.391827 0.0168269 0.0480769
2 0.762019 0.377404 0.0240385 0.0240385
2 0.90625 0.411058 0.0288462 0.0528846
2 0.939904 0.413462 0.0384615 0.0625
0 0.86899 0.419471 0.0216346 0.0552885
0 0.78125 0.396635 0.0192308 0.0480769
2 0.328125 0.659856 0.651442 0.137019
0 0.829327 0.424279 0.0384615 0.0697115
24 0.38101 0.441106 0.0360577 0.0649038
2 0.981971 0.417067 0.0360577 0.0793269
0 0.74399 0.396635 0.0216346 0.0673077
0 0.408654 0.463942 0.0576923 0.182692
