0 0.0228365 0.555288 0.0264423 0.0432692
2 0.461538 0.495192 0.0288462 0.0192308
2 0.707933 0.540865 0.0552885 0.0384615
2 0.659856 0.532452 0.0552885 0.0360577
0 0.942308 0.539663 0.0288462 0.0841346
2 0.582933 0.514423 0.03125 0.0240385
9 0.341346 0.442308 0.0192308 0.0288462
2 0.592548 0.519231 0.0360577 0.0288462
2 0.566106 0.513221 0.0216346 0.0216346
2 0.426683 0.532452 0.0600962 0.0408654
2 0.641827 0.528846 0.0528846 0.0384615
0 0.456731 0.58774 0.0817308 0.132212
9 0.199519 0.484375 0.0192308 0.0216346
9 0.949519 0.445913 0.0240385 0.0360577
0 0.225962 0.549279 0.0192308 0.0552885
0 0.293269 0.545673 0.0240385 0.0673077
1 0.46274 0.620192 0.151442 0.0913462
0 0.146635 0.667067 0.0961538 0.242788
0 0.0829327 0.606971 0.0600962 0.170673
