9 0.289663 0.480769 0.0120192 0.0192308
2 0.0264423 0.795673 0.0528846 0.0721154
2 0.617788 0.508413 0.0288462 0.0168269
0 0.546875 0.533654 0.0168269 0.0528846
2 0.632212 0.509615 0.0240385 0.0192308
2 0.71875 0.530048 0.0432692 0.03125
9 0.41226 0.450721 0.0216346 0.0264423
2 0.520433 0.497596 0.0264423 0.0240385
2 0.703125 0.528846 0.0456731 0.0288462
2 0.102163 0.543269 0.09375 0.0432692
0 0.257212 0.536058 0.0240385 0.0625
9 0.954327 0.447115 0.0192308 0.0336538
2 0.689904 0.527644 0.0384615 0.03125
0 0.951923 0.539663 0.0240385 0.0649038
2 0.487981 0.532452 0.0576923 0.0504808
