0 0.0192308 0.551683 0.0384615 0.0552885
2 0.461538 0.501202 0.0288462 0.03125
2 0.582933 0.513221 0.0264423 0.0216346
2 0.707933 0.540865 0.0600962 0.0384615
0 0.942308 0.548077 0.0240385 0.0625
0 0.293269 0.545673 0.0240385 0.0673077
2 0.567308 0.510817 0.0240385 0.0168269
2 0.594952 0.518029 0.0360577 0.0264423
2 0.634615 0.527644 0.0432692 0.0360577
9 0.341346 0.442308 0.0240385 0.0288462
0 0.106971 0.582933 0.0600962 0.122596
1 0.120192 0.623798 0.149038 0.0985577
9 0.199519 0.484375 0.0192308 0.0216346
2 0.65625 0.532452 0.0576923 0.0360577
0 0.145433 0.59976 0.0649038 0.180288
0 0.227163 0.548077 0.0216346 0.0576923
9 0.948317 0.445913 0.0216346 0.0360577
2 0.427885 0.539663 0.0625 0.0504808
2 0.971154 0.584135 0.0576923 0.0913462
