10 0.405048 0.759615 0.0745192 0.129808 
12 0.167067 0.643029 0.0456731 0.103365 
0 0.518029 0.59375 0.0649038 0.192308 
0 0.627404 0.59976 0.0480769 0.146635 
2 0.652644 0.548077 0.228365 0.0961538 
0 0.0348558 0.549279 0.0360577 0.108173 
0 0.215144 0.574519 0.0456731 0.100962 
26 0.649038 0.633413 0.0288462 0.0408654 
2 0.418269 0.513221 0.0961538 0.0408654 
56 0.407452 0.59375 0.0552885 0.0817308 
7 0.659856 0.460337 0.228365 0.146635 
7 0.711538 0.486779 0.125 0.0745192 
9 0.677885 0.203125 0.0288462 0.0649038 
2 0.859375 0.538462 0.112981 0.0480769 
