2 0.627404 0.526442 0.0480769 0.0336538
0 0.94351 0.544471 0.0264423 0.0745192
2 0.59976 0.520433 0.0408654 0.03125
2 0.461538 0.496394 0.0288462 0.0216346
2 0.664663 0.532452 0.0504808 0.03125
2 0.567308 0.510817 0.0240385 0.0168269
9 0.340144 0.442308 0.0216346 0.0288462
2 0.704327 0.540865 0.0625 0.0384615
2 0.584135 0.514423 0.0288462 0.0240385
9 0.199519 0.484375 0.0192308 0.0216346
2 0.643029 0.530048 0.0456731 0.0360577
2 0.425481 0.538462 0.0576923 0.0528846
9 0.949519 0.444712 0.0240385 0.0336538
0 0.262019 0.539663 0.0240385 0.0649038
0 0.432692 0.612981 0.0865385 0.173077
2 0.121394 0.574519 0.237981 0.110577
