9 0.139423 0.288462 0.0240385 0.0625
0 0.0216346 0.548077 0.0336538 0.0576923
9 0.200721 0.483173 0.0168269 0.0192308
0 0.227163 0.548077 0.0168269 0.0528846
2 0.582933 0.518029 0.0216346 0.0216346
0 0.941106 0.545673 0.0264423 0.0721154
0 0.307692 0.522837 0.0144231 0.0408654
0 0.508413 0.540865 0.0168269 0.0576923
9 0.340144 0.445913 0.0168269 0.03125
2 0.451923 0.530048 0.0240385 0.0360577
0 0.153846 0.543269 0.0288462 0.0721154
2 0.634615 0.528846 0.0432692 0.0336538
2 0.65625 0.533654 0.0528846 0.0336538
0 0.262019 0.53125 0.0192308 0.0576923
2 0.699519 0.540865 0.0769231 0.0432692
9 0.950721 0.445913 0.0216346 0.0360577
2 0.424279 0.539663 0.0600962 0.0504808
