0 0.668269 0.616587 0.0769231 0.170673 
2 0.426683 0.538462 0.0600962 0.0528846 
9 0.949519 0.445913 0.0240385 0.0360577 
2 0.652644 0.532452 0.0504808 0.0360577 
0 0.152644 0.548077 0.0264423 0.0625 
2 0.710337 0.542067 0.0600962 0.0408654 
9 0.200721 0.484375 0.0216346 0.0216346 
2 0.594952 0.518029 0.0360577 0.0264423 
2 0.633413 0.527644 0.0408654 0.03125 
0 0.0228365 0.549279 0.03125 0.0552885 
2 0.585337 0.516827 0.03125 0.0240385 
9 0.341346 0.455529 0.0240385 0.0552885 
0 0.94351 0.546875 0.0264423 0.0649038 
