2 0.425481 0.538462 0.0625 0.0528846 
0 0.969952 0.635817 0.0600962 0.204327 
0 0.122596 0.570913 0.0480769 0.132212 
0 0.0709135 0.546875 0.0360577 0.0841346 
2 0.701923 0.540865 0.0721154 0.0432692 
9 0.949519 0.445913 0.0240385 0.0360577 
0 0.284856 0.545673 0.0264423 0.0673077 
2 0.655048 0.532452 0.0504808 0.03125 
0 0.941106 0.544471 0.0264423 0.0649038 
2 0.634615 0.527644 0.0432692 0.03125 
0 0.201923 0.548077 0.0240385 0.0576923 
9 0.203125 0.480769 0.0168269 0.0240385 
9 0.341346 0.44351 0.0240385 0.03125 
2 0.594952 0.519231 0.0360577 0.0288462 
0 0.893029 0.53125 0.0120192 0.0480769 
2 0.584135 0.516827 0.0288462 0.0240385 
24 0.960337 0.59976 0.0456731 0.0745192 
0 0.0204327 0.549279 0.03125 0.0552885 
