0 0.929087 0.63101 0.09375 0.223558 
0 0.120192 0.580529 0.0480769 0.137019 
2 0.425481 0.538462 0.0625 0.0528846 
0 0.288462 0.543269 0.0288462 0.0673077 
0 0.078125 0.546875 0.0408654 0.0841346 
9 0.948317 0.445913 0.0216346 0.0360577 
2 0.643029 0.530048 0.0504808 0.03125 
2 0.703125 0.542067 0.0697115 0.0408654 
2 0.655048 0.534856 0.0456731 0.03125 
9 0.342548 0.442308 0.0216346 0.0288462 
2 0.594952 0.519231 0.0360577 0.0288462 
9 0.200721 0.480769 0.0168269 0.0240385 
2 0.604567 0.522837 0.03125 0.03125 
9 0.341346 0.455529 0.0240385 0.0552885 
