2 0.314904 0.586538 0.336538 0.105769 
0 0.975962 0.616587 0.0480769 0.170673 
2 0.426683 0.53726 0.0600962 0.0504808 
2 0.700721 0.540865 0.0745192 0.0432692 
2 0.640625 0.528846 0.0504808 0.0336538 
9 0.950721 0.445913 0.0216346 0.0360577 
0 0.567308 0.542067 0.0192308 0.0552885 
0 0.941106 0.548077 0.0216346 0.0625 
9 0.340144 0.457933 0.0264423 0.0600962 
2 0.655048 0.53125 0.0504808 0.0288462 
2 0.59375 0.518029 0.0336538 0.0264423 
9 0.200721 0.483173 0.0216346 0.0240385 
2 0.605769 0.522837 0.0336538 0.03125 
