0 0.44351 0.657452 0.0985577 0.228365 
0 0.0769231 0.598558 0.0625 0.158654 
1 0.763221 0.620192 0.141827 0.0865385 
2 0.427885 0.538462 0.0673077 0.0528846 
0 0.765625 0.584135 0.0793269 0.125 
0 0.128606 0.545673 0.03125 0.0721154 
9 0.949519 0.445913 0.0240385 0.0360577 
2 0.643029 0.528846 0.0504808 0.0336538 
2 0.692308 0.540865 0.0721154 0.0384615 
0 0.967548 0.542067 0.0264423 0.0600962 
0 0.941106 0.546875 0.0264423 0.0649038 
2 0.594952 0.519231 0.0360577 0.0288462 
2 0.657452 0.533654 0.0504808 0.0336538 
24 0.43149 0.621394 0.0360577 0.0745192 
2 0.463942 0.507212 0.0336538 0.0384615 
9 0.200721 0.481971 0.0216346 0.0216346 
9 0.342548 0.444712 0.0216346 0.0336538 
9 0.341346 0.455529 0.0240385 0.0552885 
