2 0.46274 0.532452 0.0552885 0.0456731 
0 0.241587 0.534856 0.0216346 0.0600962 
2 0.954327 0.710337 0.0913462 0.247596 
2 0.046875 0.746394 0.09375 0.175481 
9 0.914663 0.451923 0.0168269 0.0288462 
0 0.36899 0.530048 0.0168269 0.0456731 
2 0.704327 0.533654 0.0576923 0.0336538 
2 0.670673 0.527644 0.0384615 0.03125 
2 0.0925481 0.543269 0.09375 0.0432692 
2 0.498798 0.507212 0.03125 0.0336538 
2 0.492788 0.514423 0.0240385 0.0240385 
9 0.394231 0.453125 0.0240385 0.0264423 
2 0.655048 0.524038 0.0360577 0.0288462 
9 0.27524 0.484375 0.0168269 0.0168269 
