0 0.727163 0.615385 0.09375 0.177885 
2 0.425481 0.538462 0.0625 0.0528846 
9 0.949519 0.445913 0.0240385 0.0360577 
0 0.153846 0.546875 0.0288462 0.0649038 
2 0.635817 0.528846 0.0408654 0.0336538 
9 0.200721 0.481971 0.0168269 0.0216346 
2 0.594952 0.519231 0.0360577 0.0288462 
0 0.942308 0.545673 0.0240385 0.0673077 
2 0.657452 0.532452 0.0504808 0.03125 
9 0.341346 0.455529 0.0240385 0.0552885 
2 0.584135 0.516827 0.0288462 0.0240385 
0 0.0216346 0.548077 0.0336538 0.0576923 
2 0.454327 0.526442 0.0240385 0.0336538 
2 0.56851 0.513221 0.0264423 0.0216346 
0 0.222356 0.544471 0.0264423 0.0600962 
