0 0.09375 0.592548 0.0576923 0.151442 
1 0.933894 0.620192 0.122596 0.0865385 
0 0.609375 0.644231 0.09375 0.235577 
2 0.425481 0.538462 0.0625 0.0528846 
0 0.9375 0.581731 0.0769231 0.120192 
9 0.948317 0.445913 0.0216346 0.0360577 
0 0.115385 0.554087 0.0288462 0.09375 
2 0.699519 0.542067 0.0769231 0.0408654 
0 0.223558 0.550481 0.0192308 0.0528846 
2 0.644231 0.527644 0.0576923 0.03125 
0 0.137019 0.543269 0.0240385 0.0625 
9 0.200721 0.481971 0.0216346 0.0216346 
9 0.340144 0.44351 0.0216346 0.03125 
24 0.907452 0.558894 0.0360577 0.0360577 
