0 0.314904 0.608173 0.0528846 0.173077 
2 0.465144 0.579327 0.276442 0.110577 
2 0.703125 0.542067 0.0745192 0.0408654 
9 0.948317 0.445913 0.0216346 0.0360577 
0 0.155048 0.544471 0.03125 0.0697115 
2 0.640625 0.530048 0.0504808 0.03125 
2 0.65625 0.532452 0.0528846 0.03125 
0 0.942308 0.546875 0.0240385 0.0649038 
2 0.43149 0.519231 0.0600962 0.0192308 
9 0.200721 0.484375 0.0216346 0.0216346 
0 0.27524 0.540865 0.0216346 0.0673077 
9 0.342548 0.44351 0.0216346 0.03125 
2 0.59375 0.516827 0.0336538 0.0240385 
9 0.341346 0.456731 0.0240385 0.0576923 
0 0.810096 0.540865 0.0288462 0.0625 
