0 0.078125 0.606971 0.0600962 0.170673 
0 0.293269 0.661058 0.0961538 0.240385 
1 0.615385 0.617788 0.149038 0.0913462 
2 0.425481 0.538462 0.0625 0.0528846 
0 0.138221 0.545673 0.03125 0.0673077 
0 0.612981 0.585337 0.0817308 0.122596 
9 0.948317 0.445913 0.0216346 0.0360577 
2 0.697115 0.540865 0.0817308 0.0432692 
24 0.28125 0.609375 0.0336538 0.0649038 
24 0.580529 0.551683 0.0456731 0.0408654 
0 0.942308 0.546875 0.0240385 0.0649038 
9 0.201923 0.483173 0.0192308 0.0240385 
2 0.65625 0.53125 0.0576923 0.0336538 
9 0.341346 0.444712 0.0192308 0.0336538 
2 0.461538 0.507212 0.0336538 0.0384615 
