0 0.789663 0.611779 0.0697115 0.180288 
2 0.424279 0.538462 0.0600962 0.0528846 
2 0.96875 0.586538 0.0625 0.100962 
9 0.948317 0.445913 0.0216346 0.0360577 
2 0.699519 0.540865 0.0769231 0.0432692 
0 0.153846 0.546875 0.0288462 0.0649038 
0 0.942308 0.546875 0.0240385 0.0649038 
2 0.655048 0.532452 0.0552885 0.0360577 
9 0.200721 0.483173 0.0216346 0.0240385 
9 0.340144 0.456731 0.0264423 0.0576923 
0 0.247596 0.534856 0.0288462 0.0649038 
2 0.594952 0.519231 0.0360577 0.0288462 
2 0.584135 0.516827 0.0288462 0.0240385 
0 0.227163 0.545673 0.0216346 0.0576923 
2 0.603365 0.522837 0.0336538 0.03125 
0 0.0228365 0.552885 0.03125 0.0480769 
