0 0.911058 0.639423 0.0721154 0.201923 
0 0.11899 0.578125 0.0504808 0.132212 
2 0.425481 0.538462 0.0625 0.0528846 
0 0.290865 0.544471 0.0288462 0.0697115 
0 0.0829327 0.545673 0.03125 0.0817308 
9 0.949519 0.445913 0.0240385 0.0360577 
2 0.700721 0.542067 0.0745192 0.0408654 
2 0.644231 0.530048 0.0480769 0.03125 
0 0.944712 0.546875 0.0240385 0.0697115 
24 0.895433 0.606971 0.0456731 0.0745192 
2 0.65625 0.534856 0.0480769 0.03125 
9 0.341346 0.442308 0.0192308 0.0288462 
0 0.204327 0.550481 0.0240385 0.0576923 
9 0.200721 0.481971 0.0168269 0.0216346 
2 0.605769 0.522837 0.0336538 0.03125 
1 0.204327 0.552885 0.0240385 0.0528846 
