2 0.425481 0.538462 0.0625 0.0528846 
0 0.682692 0.612981 0.0480769 0.177885 
9 0.948317 0.445913 0.0216346 0.0360577 
2 0.688702 0.539663 0.0985577 0.0456731 
2 0.645433 0.530048 0.0456731 0.0360577 
0 0.153846 0.546875 0.0288462 0.0649038 
0 0.227163 0.548077 0.0216346 0.0528846 
2 0.59375 0.519231 0.0336538 0.0288462 
9 0.201923 0.484375 0.0192308 0.0216346 
2 0.585337 0.516827 0.03125 0.0240385 
9 0.342548 0.444712 0.0216346 0.0336538 
2 0.603365 0.521635 0.0336538 0.0288462 
2 0.633413 0.526442 0.0408654 0.0336538 
0 0.207933 0.536058 0.0168269 0.0528846 
