0 0.721154 0.615385 0.0865385 0.173077 
2 0.425481 0.538462 0.0625 0.0528846 
2 0.637019 0.528846 0.0480769 0.0336538 
9 0.950721 0.445913 0.0216346 0.0360577 
2 0.698317 0.540865 0.0697115 0.0432692 
0 0.153846 0.546875 0.0288462 0.0649038 
9 0.200721 0.481971 0.0216346 0.0216346 
9 0.341346 0.453125 0.0240385 0.0504808 
2 0.463942 0.50601 0.0336538 0.0408654 
2 0.59375 0.518029 0.0336538 0.0264423 
2 0.584135 0.516827 0.0288462 0.0240385 
0 0.94351 0.545673 0.0264423 0.0673077 
2 0.453125 0.521635 0.0264423 0.0336538 
