2 0.677885 0.552885 0.245192 0.0961538 
10 0.405048 0.759615 0.0745192 0.129808 
12 0.169471 0.643029 0.0456731 0.103365 
0 0.628606 0.59976 0.0456731 0.146635 
0 0.516827 0.59375 0.0625 0.192308 
0 0.222356 0.578125 0.0360577 0.09375 
0 0.0456731 0.546875 0.0336538 0.108173 
26 0.65024 0.634615 0.0264423 0.0432692 
2 0.856971 0.538462 0.112981 0.0480769 
2 0.419471 0.513221 0.0985577 0.0408654 
7 0.711538 0.489183 0.125 0.0793269 
9 0.679087 0.204327 0.03125 0.0625 
2 0.229567 0.544471 0.0841346 0.0649038 
