0 0.125 0.572115 0.0480769 0.129808 
2 0.425481 0.538462 0.0625 0.0528846 
0 0.977163 0.638221 0.0456731 0.194712 
0 0.0661058 0.548077 0.03125 0.0913462 
0 0.944712 0.545673 0.0288462 0.0673077 
9 0.949519 0.445913 0.0240385 0.0360577 
2 0.703125 0.542067 0.0697115 0.0408654 
2 0.645433 0.530048 0.0504808 0.03125 
2 0.65625 0.534856 0.0480769 0.03125 
9 0.341346 0.455529 0.0240385 0.0552885 
9 0.200721 0.481971 0.0168269 0.0216346 
0 0.199519 0.546875 0.0240385 0.0600962 
0 0.283654 0.546875 0.0240385 0.0649038 
0 0.894231 0.527644 0.0144231 0.0360577 
2 0.59375 0.518029 0.0336538 0.0264423 
