2 0.489183 0.534856 0.0600962 0.0552885 
0 0.248798 0.53726 0.0264423 0.0649038 
2 0.748798 0.53726 0.0745192 0.0456731 
2 0.69351 0.52524 0.0408654 0.03125 
0 0.379808 0.526442 0.0144231 0.0480769 
9 0.984375 0.444712 0.0264423 0.0384615 
0 0.969952 0.527644 0.0264423 0.0889423 
0 0.990385 0.527644 0.0192308 0.09375 
9 0.41226 0.457933 0.0216346 0.0456731 
0 0.316106 0.530048 0.0264423 0.0552885 
2 0.627404 0.509615 0.0240385 0.0192308 
2 0.522837 0.509615 0.03125 0.0336538 
0 0.341346 0.527644 0.0192308 0.0456731 
