2 0.866587 0.584135 0.266827 0.110577 
0 0.210337 0.609375 0.0745192 0.165865 
2 0.425481 0.538462 0.0625 0.0528846 
0 0.153846 0.545673 0.0288462 0.0673077 
9 0.949519 0.445913 0.0240385 0.0360577 
2 0.698317 0.540865 0.0793269 0.0432692 
2 0.645433 0.530048 0.0504808 0.03125 
9 0.200721 0.481971 0.0216346 0.0216346 
2 0.65625 0.533654 0.0480769 0.0336538 
9 0.341346 0.44351 0.0192308 0.03125 
0 0.290865 0.545673 0.0288462 0.0625 
0 0.325721 0.536058 0.0216346 0.0480769 
2 0.594952 0.518029 0.0360577 0.0264423 
