5 0.0901442 0.518029 0.180288 0.21875 
2 0.451923 0.534856 0.0576923 0.0504808 
2 0.719952 0.53726 0.0745192 0.0456731 
9 0.963942 0.44351 0.0240385 0.0360577 
0 0.33774 0.527644 0.0168269 0.0504808 
2 0.674279 0.528846 0.0456731 0.0336538 
0 0.302885 0.530048 0.0192308 0.0552885 
0 0.959135 0.528846 0.0336538 0.100962 
9 0.370192 0.444712 0.0240385 0.0336538 
0 0.192308 0.542067 0.0240385 0.0697115 
0 0.277644 0.534856 0.0168269 0.0456731 
9 0.233173 0.481971 0.0192308 0.0216346 
2 0.65625 0.522837 0.0432692 0.0264423 
2 0.486779 0.507212 0.03125 0.0336538 
