0 0.132212 0.608173 0.0528846 0.173077 
2 0.425481 0.538462 0.0625 0.0528846 
1 0.204327 0.617788 0.115385 0.0865385 
2 0.699519 0.540865 0.0817308 0.0432692 
9 0.948317 0.445913 0.0216346 0.0360577 
0 0.1875 0.580529 0.0673077 0.132212 
2 0.645433 0.530048 0.0504808 0.03125 
0 0.942308 0.546875 0.0240385 0.0649038 
9 0.200721 0.483173 0.0216346 0.0240385 
2 0.594952 0.519231 0.0360577 0.0288462 
9 0.342548 0.44351 0.0216346 0.03125 
0 0.153846 0.594952 0.0769231 0.165865 
2 0.633413 0.526442 0.0408654 0.0336538 
0 0.893029 0.542067 0.03125 0.0552885 
2 0.585337 0.514423 0.03125 0.0240385 
9 0.340144 0.454327 0.0264423 0.0528846 
9 0.616587 0.435096 0.0168269 0.0288462 
2 0.56851 0.509615 0.0264423 0.0192308 
0 0.325721 0.534856 0.0168269 0.0504808 
