0 0.947115 0.623798 0.0817308 0.228365 
0 0.122596 0.576923 0.0480769 0.134615 
2 0.426683 0.538462 0.0649038 0.0528846 
0 0.0745192 0.546875 0.0384615 0.0841346 
0 0.286058 0.543269 0.0288462 0.0673077 
9 0.949519 0.445913 0.0240385 0.0360577 
2 0.703125 0.542067 0.0697115 0.0408654 
2 0.644231 0.530048 0.0480769 0.03125 
0 0.203125 0.548077 0.0264423 0.0625 
0 0.891827 0.530048 0.0144231 0.0456731 
9 0.201923 0.481971 0.0192308 0.0264423 
2 0.65625 0.534856 0.0480769 0.03125 
9 0.341346 0.442308 0.0192308 0.0288462 
2 0.59375 0.519231 0.0336538 0.0288462 
2 0.584135 0.516827 0.0288462 0.0240385 
