2 0.0817308 0.572115 0.163462 0.115385 
0 0.455529 0.610577 0.0504808 0.177885 
2 0.424279 0.53726 0.0600962 0.0504808 
9 0.948317 0.445913 0.0216346 0.0360577 
2 0.643029 0.530048 0.0504808 0.03125 
2 0.695913 0.539663 0.0793269 0.0408654 
0 0.942308 0.546875 0.0240385 0.0649038 
2 0.592548 0.519231 0.0360577 0.0288462 
0 0.169471 0.538462 0.0216346 0.0625 
9 0.201923 0.483173 0.0192308 0.0240385 
2 0.585337 0.516827 0.03125 0.0240385 
2 0.657452 0.533654 0.0504808 0.0336538 
0 0.260817 0.540865 0.0216346 0.0576923 
9 0.341346 0.442308 0.0192308 0.0288462 
2 0.604567 0.522837 0.0360577 0.03125 
