2 0.950721 0.585337 0.0985577 0.108173 
0 0.16226 0.608173 0.0745192 0.173077 
1 0.0805288 0.611779 0.141827 0.0889423 
2 0.425481 0.538462 0.0625 0.0528846 
9 0.949519 0.445913 0.0240385 0.0360577 
0 0.0721154 0.576923 0.0721154 0.120192 
2 0.699519 0.540865 0.0769231 0.0432692 
2 0.643029 0.528846 0.0504808 0.0336538 
2 0.65625 0.533654 0.0480769 0.0336538 
24 0.0396635 0.549279 0.0408654 0.0360577 
9 0.201923 0.481971 0.0192308 0.0216346 
2 0.604567 0.521635 0.0360577 0.0336538 
9 0.341346 0.44351 0.0192308 0.03125 
0 0.325721 0.536058 0.0168269 0.0480769 
