2 0.324519 0.576923 0.307692 0.110577 
0 0.355769 0.611779 0.0913462 0.170673 
2 0.429087 0.534856 0.0649038 0.0456731 
9 0.949519 0.445913 0.0240385 0.0360577 
2 0.640625 0.528846 0.0504808 0.0336538 
2 0.701923 0.540865 0.0721154 0.0432692 
0 0.15625 0.544471 0.0288462 0.0697115 
2 0.655048 0.532452 0.0504808 0.03125 
9 0.201923 0.483173 0.0192308 0.0240385 
9 0.340144 0.44351 0.0216346 0.03125 
0 0.795673 0.543269 0.0240385 0.0576923 
2 0.46274 0.50601 0.0360577 0.0408654 
0 0.942308 0.546875 0.0240385 0.0649038 
