2 0.485577 0.533654 0.0528846 0.0480769 
0 0.245192 0.538462 0.0288462 0.0673077 
2 0.751202 0.536058 0.0649038 0.0432692 
0 0.377404 0.527644 0.0144231 0.0456731 
2 0.691106 0.52524 0.0360577 0.03125 
0 0.972356 0.527644 0.0264423 0.0889423 
0 0.991587 0.527644 0.0168269 0.09375 
2 0.627404 0.508413 0.0288462 0.0216346 
9 0.983173 0.445913 0.0240385 0.0408654 
9 0.28125 0.480769 0.0192308 0.0192308 
0 0.709135 0.539663 0.0288462 0.0552885 
0 0.981971 0.527644 0.0360577 0.0889423 
2 0.643029 0.509615 0.03125 0.0192308 
2 0.521635 0.519231 0.0336538 0.0336538 
