2 0.409856 0.578125 0.305288 0.112981 
0 0.331731 0.610577 0.0480769 0.173077 
2 0.43149 0.526442 0.0649038 0.0336538 
9 0.949519 0.445913 0.0240385 0.0360577 
2 0.700721 0.540865 0.0793269 0.0432692 
0 0.155048 0.544471 0.03125 0.0697115 
2 0.655048 0.533654 0.0504808 0.0336538 
0 0.801683 0.53726 0.0216346 0.0649038 
2 0.634615 0.527644 0.0384615 0.03125 
9 0.200721 0.483173 0.0216346 0.0240385 
9 0.341346 0.44351 0.0240385 0.03125 
2 0.594952 0.518029 0.0360577 0.0264423 
2 0.603365 0.521635 0.0336538 0.0336538 
2 0.463942 0.504808 0.0336538 0.0384615 
0 0.94351 0.546875 0.0264423 0.0649038 
2 0.585337 0.514423 0.03125 0.0240385 
