2 0.459135 0.533654 0.0576923 0.0480769 
2 0.944712 0.706731 0.110577 0.25 
0 0.237981 0.538462 0.0240385 0.0625 
2 0.0504808 0.742788 0.100962 0.182692 
2 0.701923 0.536058 0.0673077 0.0384615 
2 0.658654 0.527644 0.0480769 0.03125 
9 0.908654 0.451923 0.0192308 0.0288462 
2 0.592548 0.509615 0.03125 0.0192308 
0 0.370192 0.532452 0.0192308 0.0408654 
2 0.496394 0.508413 0.03125 0.03125 
9 0.391827 0.455529 0.0192308 0.0264423 
9 0.391827 0.467548 0.0240385 0.0504808 
0 0.125 0.543269 0.0240385 0.0432692 
