0 0.120192 0.609375 0.0576923 0.175481 
1 0.227163 0.617788 0.146635 0.0865385 
2 0.426683 0.538462 0.0600962 0.0528846 
0 0.228365 0.578125 0.0817308 0.127404 
9 0.948317 0.445913 0.0216346 0.0360577 
2 0.699519 0.542067 0.0769231 0.0408654 
2 0.644231 0.528846 0.0528846 0.0336538 
0 0.15024 0.545673 0.0264423 0.0673077 
0 0.942308 0.546875 0.0240385 0.0649038 
0 0.896635 0.542067 0.0288462 0.0600962 
24 0.191106 0.548077 0.0408654 0.0384615 
2 0.65625 0.534856 0.0480769 0.0360577 
9 0.200721 0.481971 0.0216346 0.0216346 
9 0.341346 0.44351 0.0192308 0.03125 
2 0.59375 0.516827 0.0336538 0.0240385 
2 0.584135 0.514423 0.0288462 0.0240385 
2 0.569712 0.510817 0.0240385 0.0216346 
