2 0.915865 0.700721 0.168269 0.257212 
2 0.0588942 0.740385 0.117788 0.1875 
2 0.441106 0.532452 0.0552885 0.0456731 
0 0.222356 0.53726 0.0216346 0.0600962 
9 0.877404 0.453125 0.0192308 0.03125 
2 0.675481 0.533654 0.0673077 0.0384615 
0 0.546875 0.534856 0.0168269 0.0456731 
2 0.641827 0.527644 0.0432692 0.03125 
0 0.288462 0.527644 0.0192308 0.0504808 
0 0.313702 0.526442 0.0168269 0.0432692 
9 0.371394 0.467548 0.0216346 0.0504808 
2 0.63101 0.522837 0.0408654 0.0264423 
2 0.473558 0.504808 0.0288462 0.0288462 
