0 0.116587 0.578125 0.0504808 0.137019 
0 0.855769 0.633413 0.100962 0.213942 
2 0.425481 0.538462 0.0625 0.0528846 
2 0.700721 0.542067 0.0793269 0.0408654 
9 0.949519 0.445913 0.0240385 0.0360577 
0 0.0865385 0.548077 0.0288462 0.0817308 
2 0.645433 0.530048 0.0504808 0.03125 
0 0.944712 0.545673 0.0288462 0.0673077 
9 0.340144 0.456731 0.0264423 0.0576923 
2 0.59375 0.518029 0.0336538 0.0264423 
9 0.200721 0.481971 0.0216346 0.0216346 
0 0.292067 0.544471 0.0264423 0.0697115 
2 0.584135 0.515625 0.0288462 0.0264423 
24 0.846154 0.59375 0.0384615 0.0576923 
