0 0.102163 0.59375 0.0552885 0.153846 
0 0.663462 0.649038 0.105769 0.211538 
2 0.425481 0.538462 0.0625 0.0528846 
1 0.96875 0.625 0.0625 0.0817308 
9 0.948317 0.445913 0.0216346 0.0360577 
2 0.643029 0.53125 0.0504808 0.0336538 
2 0.698317 0.539663 0.0793269 0.0408654 
0 0.94351 0.546875 0.0264423 0.0649038 
0 0.219952 0.546875 0.0216346 0.0600962 
2 0.65625 0.534856 0.0480769 0.03125 
24 0.65625 0.603365 0.0384615 0.0673077 
9 0.341346 0.44351 0.0240385 0.03125 
9 0.201923 0.481971 0.0192308 0.0216346 
2 0.585337 0.516827 0.0264423 0.0240385 
9 0.340144 0.455529 0.0264423 0.0552885 
