1 0.383413 0.61899 0.151442 0.09375 
0 0.0600962 0.676683 0.120192 0.252404 
2 0.425481 0.539663 0.0625 0.0504808 
0 0.146635 0.544471 0.0288462 0.0697115 
0 0.379808 0.581731 0.0769231 0.125 
9 0.948317 0.445913 0.0216346 0.0360577 
2 0.641827 0.530048 0.0528846 0.0360577 
0 0.915865 0.539663 0.0240385 0.0649038 
2 0.699519 0.540865 0.0769231 0.0432692 
0 0.941106 0.545673 0.0264423 0.0673077 
0 0.0985577 0.609375 0.0480769 0.15625 
24 0.0396635 0.63101 0.0745192 0.0841346 
2 0.655048 0.533654 0.0504808 0.0336538 
24 0.347356 0.543269 0.0456731 0.0528846 
9 0.200721 0.481971 0.0216346 0.0216346 
2 0.594952 0.518029 0.0360577 0.0264423 
2 0.584135 0.515625 0.0288462 0.0264423 
2 0.603365 0.522837 0.0288462 0.03125 
9 0.341346 0.442308 0.0192308 0.0288462 
0 0.227163 0.546875 0.0216346 0.0552885 
2 0.463942 0.50601 0.0336538 0.0408654 
