2 0.0576923 0.584135 0.115385 0.100962 
2 0.425481 0.538462 0.0625 0.0528846 
9 0.948317 0.445913 0.0216346 0.0360577 
0 0.153846 0.546875 0.0288462 0.0649038 
2 0.700721 0.542067 0.0745192 0.0408654 
0 0.942308 0.546875 0.0240385 0.0649038 
2 0.65625 0.533654 0.0528846 0.0336538 
2 0.643029 0.530048 0.0504808 0.03125 
0 0.260817 0.533654 0.0216346 0.0576923 
0 0.316106 0.540865 0.03125 0.0673077 
9 0.341346 0.455529 0.0240385 0.0552885 
2 0.594952 0.518029 0.0360577 0.0264423 
9 0.200721 0.481971 0.0216346 0.0216346 
2 0.584135 0.516827 0.0288462 0.0240385 
