2 0.885817 0.585337 0.228365 0.108173 
0 0.188702 0.608173 0.0504808 0.173077 
2 0.425481 0.538462 0.0625 0.0528846 
2 0.701923 0.542067 0.0769231 0.0408654 
9 0.948317 0.445913 0.0216346 0.0360577 
0 0.152644 0.544471 0.0264423 0.0697115 
2 0.645433 0.53125 0.0504808 0.0336538 
1 0.0204327 0.608173 0.0408654 0.0961538 
0 0.290865 0.545673 0.0288462 0.0625 
9 0.200721 0.483173 0.0216346 0.0240385 
9 0.341346 0.44351 0.0192308 0.03125 
0 0.0204327 0.546875 0.0360577 0.0600962 
2 0.453125 0.521635 0.0264423 0.0288462 
0 0.325721 0.536058 0.0168269 0.0480769 
