0 0.520433 0.612981 0.0697115 0.168269 
2 0.425481 0.538462 0.0625 0.0528846 
2 0.698317 0.542067 0.0793269 0.0456731 
9 0.949519 0.445913 0.0240385 0.0360577 
0 0.153846 0.548077 0.0288462 0.0625 
2 0.655048 0.533654 0.0552885 0.0336538 
0 0.942308 0.546875 0.0240385 0.0649038 
2 0.634615 0.527644 0.0432692 0.03125 
2 0.59375 0.518029 0.0336538 0.0264423 
9 0.201923 0.483173 0.0192308 0.0240385 
2 0.604567 0.521635 0.03125 0.0288462 
9 0.342548 0.44351 0.0216346 0.03125 
0 0.253606 0.539663 0.0216346 0.0649038 
0 0.0216346 0.548077 0.0336538 0.0576923 
