2 0.473558 0.534856 0.0576923 0.0504808 
0 0.225962 0.538462 0.0240385 0.0673077 
2 0.740385 0.538462 0.0721154 0.0432692 
0 0.533654 0.533654 0.0240385 0.0769231 
0 0.980769 0.527644 0.0288462 0.0985577 
0 0.361779 0.527644 0.0168269 0.0504808 
9 0.978365 0.444712 0.0240385 0.0384615 
2 0.608173 0.508413 0.0240385 0.0168269 
2 0.63101 0.510817 0.03125 0.0168269 
2 0.695913 0.527644 0.0408654 0.03125 
9 0.264423 0.480769 0.0144231 0.0192308 
0 0.305288 0.53125 0.0240385 0.0528846 
2 0.567308 0.501202 0.0240385 0.0168269 
