2 0.842548 0.584135 0.305288 0.110577 
0 0.221154 0.609375 0.0865385 0.170673 
2 0.425481 0.538462 0.0625 0.0528846 
9 0.949519 0.445913 0.0240385 0.0360577 
0 0.290865 0.544471 0.0288462 0.0697115 
0 0.153846 0.545673 0.0288462 0.0673077 
0 0.942308 0.542067 0.0240385 0.0504808 
2 0.655048 0.533654 0.0552885 0.0336538 
2 0.688702 0.538462 0.0649038 0.0432692 
2 0.634615 0.527644 0.0384615 0.03125 
9 0.340144 0.455529 0.0264423 0.0552885 
9 0.200721 0.483173 0.0216346 0.0240385 
2 0.59375 0.516827 0.0336538 0.0240385 
2 0.454327 0.522837 0.0288462 0.03125 
2 0.582933 0.514423 0.0264423 0.0240385 
