0 0.133413 0.670673 0.132212 0.245192 
0 0.0829327 0.608173 0.0600962 0.168269 
1 0.461538 0.617788 0.149038 0.0961538 
0 0.456731 0.584135 0.0769231 0.134615 
9 0.949519 0.445913 0.0240385 0.0360577 
2 0.699519 0.540865 0.0769231 0.0432692 
2 0.426683 0.533654 0.0649038 0.0432692 
2 0.65625 0.533654 0.0528846 0.0336538 
2 0.634615 0.527644 0.0432692 0.03125 
0 0.942308 0.545673 0.0288462 0.0673077 
2 0.594952 0.518029 0.0360577 0.0264423 
9 0.200721 0.481971 0.0216346 0.0216346 
2 0.585337 0.515625 0.03125 0.0264423 
0 0.143029 0.539663 0.03125 0.0552885 
24 0.425481 0.551683 0.0432692 0.0408654 
9 0.341346 0.442308 0.0192308 0.0288462 
0 0.225962 0.549279 0.0192308 0.0600962 
2 0.569712 0.512019 0.0288462 0.0240385 
