2 0.425481 0.538462 0.0625 0.0528846 
2 0.971154 0.585337 0.0576923 0.103365 
0 0.109375 0.580529 0.0697115 0.137019 
0 0.153846 0.605769 0.0576923 0.182692 
1 0.11899 0.61899 0.146635 0.0745192 
9 0.948317 0.445913 0.0216346 0.0360577 
2 0.698317 0.540865 0.0793269 0.0432692 
0 0.942308 0.545673 0.0240385 0.0625 
2 0.65625 0.533654 0.0528846 0.0336538 
2 0.634615 0.528846 0.0432692 0.0336538 
9 0.200721 0.483173 0.0216346 0.0240385 
2 0.594952 0.518029 0.0360577 0.0264423 
9 0.341346 0.455529 0.0240385 0.0552885 
2 0.454327 0.526442 0.0240385 0.0336538 
2 0.585337 0.515625 0.03125 0.0264423 
24 0.0769231 0.546875 0.0432692 0.0408654 
