2 0.120192 0.575721 0.240385 0.112981 
0 0.432692 0.615385 0.0913462 0.168269 
2 0.427885 0.53726 0.0673077 0.0504808 
9 0.948317 0.445913 0.0216346 0.0360577 
0 0.262019 0.538462 0.0240385 0.0625 
2 0.699519 0.542067 0.0769231 0.0408654 
2 0.641827 0.528846 0.0480769 0.0336538 
2 0.594952 0.519231 0.0360577 0.0288462 
9 0.340144 0.454327 0.0216346 0.0528846 
2 0.65625 0.533654 0.0480769 0.0336538 
9 0.200721 0.483173 0.0216346 0.0240385 
2 0.585337 0.516827 0.03125 0.0240385 
0 0.941106 0.546875 0.0264423 0.0649038 
