2 0.200721 0.575721 0.310096 0.112981 
0 0.387019 0.612981 0.0528846 0.177885 
2 0.429087 0.538462 0.0552885 0.0528846 
2 0.701923 0.540865 0.0769231 0.0432692 
9 0.948317 0.445913 0.0216346 0.0360577 
2 0.643029 0.530048 0.0504808 0.03125 
0 0.78125 0.545673 0.0240385 0.0576923 
0 0.942308 0.546875 0.0240385 0.0649038 
2 0.594952 0.519231 0.0360577 0.0288462 
9 0.200721 0.483173 0.0216346 0.0240385 
9 0.340144 0.455529 0.0264423 0.0552885 
2 0.604567 0.522837 0.0360577 0.03125 
2 0.657452 0.534856 0.0456731 0.03125 
