2 0.165865 0.584135 0.331731 0.105769 
2 0.425481 0.538462 0.0625 0.0528846 
2 0.699519 0.539663 0.0769231 0.0408654 
9 0.948317 0.445913 0.0216346 0.0360577 
2 0.641827 0.528846 0.0528846 0.0336538 
0 0.942308 0.546875 0.0240385 0.0649038 
2 0.655048 0.532452 0.0504808 0.03125 
9 0.341346 0.454327 0.0240385 0.0528846 
2 0.594952 0.519231 0.0360577 0.0288462 
0 0.549279 0.542067 0.0216346 0.0552885 
9 0.200721 0.481971 0.0216346 0.0216346 
2 0.586538 0.516827 0.0288462 0.0240385 
0 0.301683 0.536058 0.0264423 0.0673077 
2 0.604567 0.521635 0.0360577 0.0288462 
