2 0.591346 0.518029 0.0288462 0.0264423
0 0.0228365 0.552885 0.0264423 0.0480769
9 0.341346 0.442308 0.0144231 0.0240385
0 0.326923 0.534856 0.0192308 0.0504808
2 0.581731 0.515625 0.0240385 0.0216346
2 0.451923 0.526442 0.0240385 0.0336538
2 0.638221 0.528846 0.0456731 0.0336538
0 0.078125 0.546875 0.0360577 0.0841346
2 0.657452 0.533654 0.0504808 0.0336538
77 0.927885 0.586538 0.0480769 0.0528846
2 0.699519 0.539663 0.0769231 0.0456731
9 0.949519 0.444712 0.0192308 0.0336538
0 0.290865 0.538462 0.0288462 0.0817308
0 0.120192 0.579327 0.0480769 0.139423
2 0.425481 0.539663 0.0625 0.0504808
0 0.930288 0.649038 0.0961538 0.182692
