0 0.899038 0.540865 0.0288462 0.0432692
9 0.675481 0.206731 0.0432692 0.0673077
26 0.649038 0.634615 0.0288462 0.0336538
2 0.990385 0.539663 0.0192308 0.03125
77 0.694712 0.598558 0.0576923 0.0625
7 0.71274 0.487981 0.127404 0.0769231
12 0.169471 0.65024 0.0456731 0.117788
0 0.513221 0.612981 0.0504808 0.153846
1 0.984375 0.617788 0.03125 0.0625
0 0.438702 0.584135 0.0600962 0.144231
0 0.628606 0.603365 0.0456731 0.144231
0 0.694712 0.649038 0.115385 0.225962
10 0.405048 0.759615 0.0697115 0.129808
