2 0.591346 0.516827 0.0288462 0.0240385
2 0.56851 0.510817 0.0216346 0.0168269
9 0.200721 0.483173 0.0120192 0.0192308
2 0.582933 0.514423 0.0216346 0.0192308
9 0.340144 0.44351 0.0168269 0.0264423
0 0.323317 0.53726 0.0168269 0.0456731
9 0.948317 0.483173 0.0168269 0.0240385
0 0.22476 0.542067 0.0216346 0.0697115
9 0.949519 0.445913 0.0240385 0.0408654
2 0.451923 0.527644 0.0240385 0.0360577
0 0.293269 0.536058 0.0240385 0.0817308
2 0.634615 0.527644 0.0432692 0.03125
2 0.658654 0.533654 0.0528846 0.0336538
2 0.698317 0.539663 0.0793269 0.0456731
0 0.0396635 0.574519 0.0745192 0.125
2 0.425481 0.540865 0.0625 0.0480769
0 0.169471 0.612981 0.0649038 0.158654
1 0.0576923 0.614183 0.115385 0.0889423
2 0.929087 0.586538 0.141827 0.105769
