2 0.591346 0.512019 0.0240385 0.0192308
2 0.572115 0.508413 0.0192308 0.0168269
2 0.63101 0.524038 0.0408654 0.0288462
2 0.480769 0.508413 0.0288462 0.03125
0 0.317308 0.52524 0.0192308 0.0504808
0 0.00961538 0.582933 0.0192308 0.0889423
0 0.893029 0.534856 0.0168269 0.0552885
0 0.371394 0.533654 0.0264423 0.0576923
2 0.466346 0.522837 0.0240385 0.03125
9 0.884615 0.454327 0.0192308 0.0288462
0 0.548077 0.532452 0.0240385 0.0600962
2 0.643029 0.527644 0.0408654 0.03125
0 0.22476 0.536058 0.0216346 0.0576923
2 0.445913 0.534856 0.0504808 0.0456731
2 0.683894 0.534856 0.0649038 0.0360577
2 0.909856 0.711538 0.180288 0.235577
2 0.0576923 0.747596 0.115385 0.168269
