9 0.548077 0.485577 0.0144231 0.0144231
2 0.49399 0.516827 0.03125 0.0288462
9 0.393029 0.450721 0.0168269 0.0168269
1 0.550481 0.539663 0.0240385 0.0504808
2 0.5 0.507212 0.0288462 0.0288462
0 0.0108173 0.585337 0.0216346 0.09375
0 0.283654 0.527644 0.0192308 0.0504808
0 0.550481 0.53726 0.0240385 0.0504808
2 0.489183 0.522837 0.0216346 0.03125
2 0.667067 0.527644 0.0408654 0.03125
0 0.370192 0.527644 0.0192308 0.0504808
9 0.915865 0.451923 0.0192308 0.0288462
2 0.704327 0.534856 0.0576923 0.0360577
0 0.240385 0.534856 0.0240385 0.0600962
2 0.0480769 0.764423 0.0961538 0.134615
2 0.463942 0.533654 0.0528846 0.0432692
2 0.953125 0.740385 0.09375 0.182692
