9 0.675481 0.203125 0.0384615 0.0697115
2 0.403846 0.509615 0.0673077 0.0336538
77 0.600962 0.576923 0.0336538 0.0528846
0 0.638221 0.603365 0.0408654 0.144231
26 0.649038 0.634615 0.0288462 0.0384615
7 0.711538 0.486779 0.125 0.0745192
77 0.519231 0.542067 0.0432692 0.0456731
12 0.169471 0.649038 0.0456731 0.115385
0 0.427885 0.584135 0.0769231 0.144231
24 0.891827 0.533654 0.0336538 0.0336538
0 0.515625 0.604567 0.0552885 0.170673
0 0.590144 0.639423 0.0793269 0.1875
0 0.929087 0.561298 0.0697115 0.122596
1 0.930288 0.59976 0.139423 0.0889423
10 0.405048 0.759615 0.0697115 0.129808
