0 0.6875 0.578125 0.0865385 0.0793269
9 0.671875 0.205529 0.0456731 0.0649038
1 0.683894 0.557692 0.0600962 0.105769
77 0.375 0.538462 0.0480769 0.0625
2 0.435096 0.514423 0.0721154 0.0432692
26 0.649038 0.635817 0.0288462 0.0360577
7 0.711538 0.487981 0.125 0.0769231
12 0.169471 0.647837 0.0456731 0.108173
0 0.514423 0.606971 0.0528846 0.165865
0 0.68149 0.554087 0.0552885 0.103365
1 0.689904 0.581731 0.0913462 0.0769231
0 0.629808 0.602163 0.0480769 0.146635
0 0.375 0.59375 0.0913462 0.182692
10 0.405048 0.758413 0.0697115 0.127404
