2 0.658654 0.534856 0.0432692 0.0360577
2 0.632212 0.528846 0.0384615 0.0336538
2 0.56851 0.513221 0.0264423 0.0216346
2 0.582933 0.515625 0.0264423 0.0216346
0 0.222356 0.542067 0.0264423 0.0649038
0 0.0216346 0.548077 0.0336538 0.0576923
9 0.341346 0.44351 0.0144231 0.0264423
0 0.248798 0.524038 0.0264423 0.0865385
2 0.695913 0.543269 0.0793269 0.0432692
0 0.923077 0.528846 0.0240385 0.0961538
2 0.451923 0.527644 0.0240385 0.0360577
0 0.944712 0.532452 0.0288462 0.0985577
9 0.950721 0.445913 0.0216346 0.0360577
0 0.155048 0.534856 0.03125 0.0889423
2 0.424279 0.539663 0.0600962 0.0504808
0 0.728365 0.621394 0.0913462 0.161058
