0 0.251202 0.538462 0.0216346 0.0576923
0 0.0216346 0.549279 0.0288462 0.0552885
0 0.941106 0.542067 0.0264423 0.0793269
2 0.679087 0.538462 0.0552885 0.0384615
9 0.328125 0.478365 0.0120192 0.0288462
9 0.340144 0.44351 0.0168269 0.0264423
0 0.227163 0.544471 0.0216346 0.0600962
2 0.635817 0.526442 0.0408654 0.0288462
2 0.451923 0.527644 0.0240385 0.0360577
2 0.657452 0.533654 0.0504808 0.0336538
0 0.153846 0.536058 0.0288462 0.0865385
77 0.580529 0.563702 0.0456731 0.0456731
9 0.949519 0.445913 0.0240385 0.0360577
2 0.424279 0.539663 0.0600962 0.0504808
0 0.582933 0.620192 0.09375 0.158654
