77 0.610577 0.622596 0.0576923 0.0865385
26 0.646635 0.635817 0.0336538 0.0360577
0 0.63101 0.603365 0.0456731 0.139423
7 0.31851 0.487981 0.0697115 0.0625
77 0.515625 0.605769 0.0552885 0.168269
9 0.673077 0.206731 0.0480769 0.0625
77 0.566106 0.627404 0.0360577 0.0769231
0 0.0973558 0.546875 0.0504808 0.117788
7 0.711538 0.486779 0.125 0.0745192
77 0.519231 0.543269 0.0432692 0.0480769
2 0.182692 0.503606 0.110577 0.03125
77 0.586538 0.625 0.0721154 0.0817308
0 0.515625 0.608173 0.0504808 0.163462
12 0.169471 0.649038 0.0456731 0.115385
10 0.403846 0.759615 0.0721154 0.129808
