0 0.548077 0.533654 0.0192308 0.0625
0 0.914663 0.520433 0.0216346 0.0793269
9 0.379808 0.453125 0.0144231 0.0216346
2 0.473558 0.52524 0.0192308 0.03125
9 0.548077 0.485577 0.0144231 0.0192308
0 0.00841346 0.592548 0.0168269 0.0697115
0 0.894231 0.527644 0.0240385 0.0745192
2 0.646635 0.526442 0.0432692 0.0288462
0 0.228365 0.53726 0.0240385 0.0600962
2 0.685096 0.534856 0.0673077 0.0360577
9 0.890625 0.455529 0.0168269 0.03125
2 0.449519 0.534856 0.0528846 0.0456731
2 0.0600962 0.75 0.120192 0.163462
2 0.930288 0.721154 0.139423 0.221154
