2 0.592548 0.516827 0.0264423 0.0240385
2 0.567308 0.510817 0.0240385 0.0168269
2 0.582933 0.513221 0.0216346 0.0216346
9 0.341346 0.442308 0.0144231 0.0240385
0 0.22476 0.539663 0.0216346 0.0745192
2 0.429087 0.519231 0.0552885 0.0192308
2 0.634615 0.528846 0.0432692 0.0336538
0 0.155048 0.539663 0.03125 0.0793269
2 0.65625 0.533654 0.0528846 0.0336538
0 0.94351 0.532452 0.03125 0.0985577
0 0.313702 0.611779 0.0552885 0.161058
9 0.950721 0.445913 0.0216346 0.0360577
2 0.698317 0.540865 0.0745192 0.0432692
2 0.46875 0.580529 0.274038 0.108173
