2 0.40625 0.509615 0.0673077 0.0336538
77 0.520433 0.543269 0.0456731 0.0480769
7 0.713942 0.486779 0.125 0.0745192
77 0.783654 0.597356 0.0432692 0.0600962
9 0.673077 0.203125 0.0432692 0.0697115
26 0.649038 0.634615 0.0288462 0.0384615
0 0.459135 0.582933 0.0673077 0.146635
12 0.168269 0.645433 0.0432692 0.103365
0 0.514423 0.610577 0.0480769 0.158654
0 0.983173 0.614183 0.0336538 0.137019
0 0.772837 0.649038 0.108173 0.225962
0 0.629808 0.604567 0.0480769 0.141827
10 0.403846 0.758413 0.0721154 0.127404
