2 0.466346 0.510817 0.0288462 0.03125
0 0.979567 0.546875 0.0216346 0.0552885
1 0.870192 0.596154 0.0769231 0.134615
2 0.567308 0.510817 0.0240385 0.0168269
77 0.557692 0.598558 0.0336538 0.0576923
2 0.451923 0.526442 0.0240385 0.0336538
2 0.582933 0.515625 0.0264423 0.0216346
77 0.534856 0.602163 0.0360577 0.0552885
9 0.199519 0.483173 0.0144231 0.0192308
0 0.222356 0.545673 0.0216346 0.0625
2 0.640625 0.528846 0.0504808 0.0336538
24 0.840144 0.558894 0.0360577 0.0408654
2 0.65625 0.533654 0.0480769 0.0336538
0 0.122596 0.546875 0.0288462 0.0697115
0 0.942308 0.542067 0.0288462 0.0793269
9 0.949519 0.445913 0.0192308 0.0360577
2 0.699519 0.540865 0.0769231 0.0432692
0 0.872596 0.592548 0.0673077 0.127404
2 0.424279 0.539663 0.0600962 0.0504808
0 0.0889423 0.59976 0.0528846 0.146635
0 0.542067 0.655048 0.112981 0.21875
1 0.86899 0.622596 0.132212 0.0865385
