9 0.923077 0.491587 0.0192308 0.0168269
9 0.855769 0.454327 0.0192308 0.0288462
9 0.862981 0.486779 0.0192308 0.0168269
0 0.861779 0.53726 0.0168269 0.0504808
0 0.546875 0.534856 0.0168269 0.0552885
0 0.740385 0.533654 0.0240385 0.0673077
9 0.841346 0.486779 0.0144231 0.0168269
0 0.00961538 0.573317 0.0192308 0.103365
2 0.620192 0.527644 0.0480769 0.03125
0 0.21274 0.538462 0.0216346 0.0576923
0 0.981971 0.543269 0.0264423 0.0721154
2 0.657452 0.536058 0.0552885 0.0384615
2 0.429087 0.534856 0.0504808 0.0456731
2 0.895433 0.705529 0.204327 0.257212
2 0.0649038 0.733173 0.129808 0.197115
