9 0.341346 0.442308 0.0192308 0.0288462
2 0.604567 0.521635 0.03125 0.0288462
2 0.566106 0.510817 0.0216346 0.0168269
2 0.591346 0.516827 0.0288462 0.0240385
2 0.581731 0.515625 0.0240385 0.0216346
0 0.942308 0.542067 0.0288462 0.0793269
2 0.639423 0.528846 0.0480769 0.0336538
0 0.143029 0.544471 0.0264423 0.0697115
77 0.186298 0.621394 0.0552885 0.0600962
2 0.657452 0.533654 0.0552885 0.0336538
9 0.950721 0.445913 0.0216346 0.0360577
2 0.698317 0.540865 0.0745192 0.0432692
0 0.0805288 0.612981 0.0504808 0.163462
0 0.186298 0.668269 0.0793269 0.245192
2 0.425481 0.539663 0.0576923 0.0504808
0 0.497596 0.586538 0.0769231 0.134615
1 0.5 0.620192 0.149038 0.0913462
