0 0.223558 0.539663 0.0240385 0.0745192
2 0.638221 0.527644 0.0360577 0.0264423
2 0.457933 0.519231 0.0216346 0.0336538
2 0.581731 0.514423 0.0240385 0.0192308
2 0.566106 0.510817 0.0216346 0.0168269
9 0.341346 0.442308 0.0144231 0.0240385
2 0.465144 0.509615 0.0264423 0.0336538
9 0.199519 0.483173 0.0144231 0.0192308
77 0.295673 0.615385 0.0625 0.0625
24 0.578125 0.551683 0.0360577 0.0360577
2 0.451923 0.527644 0.0240385 0.0360577
0 0.94351 0.538462 0.0264423 0.0817308
2 0.657452 0.532452 0.0600962 0.03125
0 0.138221 0.543269 0.03125 0.0721154
9 0.949519 0.445913 0.0240385 0.0360577
2 0.698317 0.542067 0.0793269 0.0456731
0 0.293269 0.680288 0.0913462 0.201923
2 0.425481 0.539663 0.0625 0.0504808
0 0.603365 0.582933 0.0961538 0.117788
0 0.078125 0.614183 0.0552885 0.161058
1 0.615385 0.621394 0.149038 0.0889423
