2 0.591346 0.516827 0.0288462 0.0240385
0 0.0216346 0.546875 0.0288462 0.0600962
2 0.582933 0.514423 0.0216346 0.0192308
0 0.322115 0.533654 0.0144231 0.0480769
2 0.567308 0.510817 0.0192308 0.0168269
2 0.465144 0.509615 0.0264423 0.0336538
9 0.340144 0.44351 0.0168269 0.0264423
0 0.22476 0.539663 0.0216346 0.0697115
9 0.199519 0.483173 0.0144231 0.0192308
0 0.889423 0.527644 0.0240385 0.0793269
2 0.451923 0.527644 0.0240385 0.0360577
2 0.638221 0.528846 0.0456731 0.0336538
0 0.942308 0.540865 0.0288462 0.0817308
1 0.153846 0.621394 0.144231 0.0793269
2 0.657452 0.533654 0.0552885 0.0336538
0 0.143029 0.611779 0.0600962 0.146635
0 0.294471 0.534856 0.0264423 0.0889423
2 0.990385 0.586538 0.0192308 0.0528846
9 0.949519 0.447115 0.0192308 0.0336538
2 0.699519 0.540865 0.0769231 0.0432692
2 0.424279 0.539663 0.0600962 0.0504808
