0 0.897837 0.539663 0.03125 0.0456731
0 0.969952 0.586538 0.0552885 0.163462
77 0.944712 0.612981 0.0432692 0.0673077
9 0.673077 0.203125 0.0432692 0.0697115
77 0.520433 0.544471 0.0456731 0.0456731
7 0.711538 0.486779 0.125 0.0745192
77 0.925481 0.612981 0.0432692 0.0673077
26 0.649038 0.635817 0.0288462 0.0360577
0 0.467548 0.588942 0.0504808 0.139423
12 0.169471 0.645433 0.0456731 0.103365
0 0.512019 0.616587 0.0480769 0.146635
0 0.629808 0.603365 0.0480769 0.144231
0 0.939904 0.645433 0.120192 0.28125
10 0.405048 0.759615 0.0745192 0.129808
