2 0.591346 0.518029 0.0288462 0.0264423
9 0.200721 0.483173 0.0120192 0.0192308
2 0.581731 0.515625 0.0240385 0.0216346
2 0.567308 0.510817 0.0240385 0.0168269
9 0.38101 0.46875 0.0120192 0.0192308
9 0.340144 0.44351 0.0168269 0.0264423
0 0.323317 0.53726 0.0168269 0.0408654
2 0.451923 0.527644 0.0240385 0.0360577
0 0.15024 0.539663 0.0264423 0.0793269
2 0.638221 0.528846 0.0504808 0.0336538
24 0.228365 0.549279 0.0384615 0.0360577
0 0.942308 0.538462 0.0288462 0.0817308
2 0.657452 0.533654 0.0552885 0.0336538
2 0.699519 0.540865 0.0769231 0.0432692
9 0.949519 0.444712 0.0240385 0.0384615
0 0.260817 0.576923 0.0745192 0.120192
2 0.425481 0.538462 0.0625 0.0480769
0 0.106971 0.614183 0.0745192 0.161058
1 0.266827 0.617788 0.149038 0.0865385
