2 0.486779 0.526442 0.0408654 0.0384615
0 0.0925481 0.546875 0.03125 0.0504808
2 0.507212 0.50601 0.0288462 0.0360577
2 0.623798 0.513221 0.0264423 0.0216346
0 0.258413 0.52524 0.0216346 0.0697115
5 0.00961538 0.52524 0.0192308 0.127404
0 0.326923 0.521635 0.0192308 0.0528846
2 0.606971 0.508413 0.0216346 0.0168269
9 0.465144 0.489183 0.0120192 0.0168269
0 0.668269 0.539663 0.0240385 0.0504808
9 0.975962 0.444712 0.0288462 0.0384615
2 0.6875 0.527644 0.0480769 0.0360577
0 0.300481 0.53125 0.0240385 0.0528846
0 0.973558 0.53125 0.0336538 0.0913462
0 0.534856 0.53726 0.0216346 0.0697115
2 0.471154 0.534856 0.0576923 0.0504808
0 0.219952 0.530048 0.0264423 0.0889423
2 0.734375 0.538462 0.0793269 0.0432692
