0 0.121394 0.545673 0.0216346 0.0384615
0 0.370192 0.521635 0.0240385 0.0673077
2 0.489183 0.509615 0.0264423 0.0336538
2 0.584135 0.512019 0.0192308 0.0144231
2 0.605769 0.518029 0.0240385 0.0216346
0 0.234375 0.536058 0.0216346 0.0625
0 0.548077 0.530048 0.0192308 0.0600962
2 0.647837 0.526442 0.03125 0.0288462
0 0.00961538 0.584135 0.0192308 0.0913462
2 0.661058 0.528846 0.0528846 0.0288462
2 0.689904 0.536058 0.0769231 0.0384615
9 0.90024 0.455529 0.0168269 0.03125
2 0.455529 0.534856 0.0552885 0.0456731
2 0.9375 0.729567 0.125 0.209135
2 0.0516827 0.757212 0.103365 0.149038
