0 0.0240385 0.552885 0.0288462 0.0480769
2 0.591346 0.519231 0.0288462 0.0240385
2 0.466346 0.510817 0.0288462 0.03125
2 0.438702 0.528846 0.0456731 0.0384615
0 0.205529 0.555288 0.0216346 0.0480769
2 0.581731 0.515625 0.0240385 0.0216346
2 0.451923 0.527644 0.0240385 0.0360577
2 0.638221 0.528846 0.0504808 0.0336538
2 0.65625 0.533654 0.0528846 0.0336538
0 0.0817308 0.544471 0.0288462 0.0889423
2 0.698317 0.540865 0.0745192 0.0432692
0 0.289663 0.545673 0.0264423 0.0673077
9 0.949519 0.445913 0.0240385 0.0360577
0 0.913462 0.649038 0.0721154 0.182692
2 0.424279 0.539663 0.0600962 0.0504808
0 0.11899 0.576923 0.0504808 0.129808
