0 0.0228365 0.550481 0.03125 0.0528846
2 0.582933 0.514423 0.0264423 0.0192308
2 0.56851 0.510817 0.0264423 0.0168269
0 0.188702 0.532452 0.0216346 0.0793269
0 0.251202 0.53726 0.0216346 0.0649038
9 0.328125 0.477163 0.0120192 0.0264423
9 0.340144 0.44351 0.0168269 0.0264423
2 0.689904 0.539663 0.0817308 0.0408654
0 0.225962 0.544471 0.0192308 0.0600962
2 0.638221 0.527644 0.0456731 0.03125
2 0.451923 0.527644 0.0240385 0.0360577
2 0.657452 0.533654 0.0552885 0.0336538
0 0.941106 0.53726 0.0264423 0.0889423
9 0.949519 0.445913 0.0240385 0.0360577
0 0.153846 0.533654 0.0288462 0.0913462
2 0.424279 0.539663 0.0600962 0.0504808
0 0.574519 0.620192 0.0913462 0.158654
