2 0.569712 0.513221 0.0240385 0.0216346
9 0.199519 0.484375 0.0144231 0.0168269
2 0.582933 0.518029 0.0264423 0.0216346
9 0.341346 0.444712 0.0144231 0.0240385
2 0.451923 0.527644 0.0240385 0.0360577
2 0.635817 0.527644 0.0456731 0.03125
0 0.942308 0.533654 0.0288462 0.0961538
2 0.65625 0.533654 0.0480769 0.0336538
0 0.258413 0.52524 0.0216346 0.0697115
0 0.543269 0.527644 0.0288462 0.0793269
9 0.950721 0.445913 0.0216346 0.0360577
2 0.697115 0.540865 0.0769231 0.0432692
2 0.424279 0.539663 0.0600962 0.0504808
2 0.134615 0.584135 0.269231 0.105769
