2 0.570913 0.512019 0.0264423 0.0192308
77 0.219952 0.558894 0.0408654 0.0456731
2 0.463942 0.509615 0.0288462 0.0336538
9 0.341346 0.442308 0.0144231 0.0288462
2 0.592548 0.519231 0.0264423 0.0240385
2 0.582933 0.515625 0.0264423 0.0216346
9 0.388221 0.471154 0.0120192 0.0192308
0 0.322115 0.532452 0.0192308 0.0504808
2 0.451923 0.527644 0.0240385 0.0360577
2 0.634615 0.528846 0.0432692 0.0336538
0 0.289663 0.542067 0.0264423 0.0697115
0 0.94351 0.540865 0.0264423 0.0817308
2 0.661058 0.533654 0.0576923 0.0336538
0 0.152644 0.538462 0.03125 0.0817308
9 0.949519 0.445913 0.0240385 0.0360577
2 0.424279 0.539663 0.0600962 0.0504808
0 0.221154 0.611779 0.0961538 0.165865
2 0.796875 0.584135 0.300481 0.105769
