9 0.199519 0.483173 0.0144231 0.0192308
2 0.570913 0.512019 0.0264423 0.0192308
3 0.00841346 0.579327 0.0168269 0.0432692
2 0.581731 0.515625 0.0240385 0.0216346
9 0.340144 0.44351 0.0168269 0.0264423
0 0.22476 0.540865 0.0216346 0.0721154
2 0.451923 0.527644 0.0240385 0.0360577
0 0.155048 0.544471 0.0264423 0.0697115
0 0.941106 0.540865 0.0264423 0.0817308
0 0.254808 0.532452 0.0240385 0.0745192
2 0.634615 0.528846 0.0432692 0.0336538
2 0.65625 0.533654 0.0480769 0.0336538
9 0.949519 0.445913 0.0240385 0.0360577
2 0.698317 0.542067 0.0793269 0.0456731
2 0.423077 0.539663 0.0625 0.0504808
0 0.509615 0.620192 0.0913462 0.163462
