77 0.52524 0.616587 0.0456731 0.0985577
77 0.520433 0.543269 0.0456731 0.0480769
2 0.423077 0.513221 0.100962 0.0456731
9 0.671875 0.206731 0.0504808 0.0625
7 0.710337 0.490385 0.127404 0.0817308
77 0.518029 0.603365 0.0552885 0.173077
77 0.533654 0.625 0.0288462 0.0625
12 0.169471 0.635817 0.0456731 0.0889423
26 0.647837 0.634615 0.03125 0.0384615
2 0.251202 0.508413 0.122596 0.0360577
0 0.627404 0.608173 0.0432692 0.134615
77 0.558894 0.628606 0.0745192 0.0745192
0 0.513221 0.605769 0.0552885 0.168269
10 0.405048 0.759615 0.0697115 0.129808
