0 0.331731 0.534856 0.0144231 0.0360577
2 0.580529 0.520433 0.0216346 0.0216346
2 0.569712 0.515625 0.0240385 0.0216346
9 0.245192 0.486779 0.0144231 0.0168269
2 0.634615 0.530048 0.0528846 0.0360577
2 0.448317 0.52524 0.0216346 0.03125
2 0.620192 0.526442 0.0384615 0.0288462
0 0.550481 0.538462 0.0192308 0.0480769
0 0.302885 0.528846 0.0192308 0.0480769
9 0.854567 0.486779 0.0264423 0.0168269
2 0.605769 0.52524 0.0384615 0.0264423
9 0.81851 0.486779 0.0168269 0.0168269
0 0.96875 0.534856 0.0288462 0.0841346
9 0.850962 0.455529 0.0192308 0.0264423
0 0.0132212 0.569712 0.0264423 0.105769
2 0.65625 0.534856 0.0625 0.0360577
0 0.215144 0.53726 0.0216346 0.0552885
2 0.426683 0.532452 0.0504808 0.0408654
2 0.0745192 0.72476 0.149038 0.213942
2 0.883413 0.703125 0.233173 0.262019
