2 0.436298 0.528846 0.0504808 0.0384615
2 0.570913 0.512019 0.0216346 0.0192308
9 0.199519 0.483173 0.0144231 0.0192308
0 0.223558 0.544471 0.0192308 0.0600962
2 0.604567 0.521635 0.0264423 0.0288462
2 0.653846 0.533654 0.0528846 0.0384615
77 0.389423 0.609375 0.0336538 0.0600962
2 0.591346 0.519231 0.0288462 0.0240385
2 0.451923 0.526442 0.0240385 0.0336538
24 0.65625 0.551683 0.0384615 0.0408654
2 0.463942 0.508413 0.0288462 0.0360577
2 0.582933 0.516827 0.0216346 0.0240385
77 0.370192 0.609375 0.0528846 0.0600962
0 0.132212 0.544471 0.0288462 0.0697115
2 0.638221 0.53125 0.0408654 0.0336538
0 0.942308 0.542067 0.0288462 0.0793269
9 0.950721 0.445913 0.0216346 0.0360577
0 0.685096 0.58774 0.0865385 0.112981
2 0.424279 0.538462 0.0600962 0.0480769
0 0.0769231 0.608173 0.0576923 0.153846
0 0.373798 0.671875 0.137019 0.21875
1 0.689904 0.621394 0.144231 0.0889423
