9 0.676683 0.209135 0.03125 0.0673077
0 0.897837 0.539663 0.0264423 0.0456731
7 0.711538 0.486779 0.125 0.0745192
77 0.519231 0.544471 0.0384615 0.0456731
0 0.477163 0.581731 0.0504808 0.153846
12 0.169471 0.649038 0.0456731 0.115385
26 0.649038 0.634615 0.0288462 0.0384615
0 0.0252404 0.542067 0.0408654 0.103365
0 0.515625 0.605769 0.0456731 0.168269
0 0.945913 0.528846 0.03125 0.0961538
0 0.989183 0.5625 0.0216346 0.129808
0 0.629808 0.59976 0.0480769 0.146635
10 0.403846 0.759615 0.0721154 0.129808
