2 0.456731 0.519231 0.0240385 0.0336538
2 0.466346 0.510817 0.0288462 0.0360577
0 0.94351 0.532452 0.03125 0.09375
0 0.248798 0.528846 0.0264423 0.0769231
2 0.56851 0.513221 0.0264423 0.0216346
2 0.591346 0.518029 0.0288462 0.0216346
2 0.65625 0.534856 0.0480769 0.0360577
2 0.581731 0.515625 0.0240385 0.0216346
9 0.341346 0.444712 0.0192308 0.0288462
0 0.221154 0.542067 0.0288462 0.0697115
2 0.694712 0.538462 0.0673077 0.0384615
2 0.450721 0.527644 0.0264423 0.0360577
2 0.634615 0.528846 0.0432692 0.0336538
9 0.950721 0.445913 0.0216346 0.0360577
0 0.153846 0.532452 0.0336538 0.09375
2 0.424279 0.539663 0.0600962 0.0504808
0 0.71875 0.622596 0.0817308 0.158654
