0 0.325721 0.522837 0.0216346 0.0649038
2 0.567308 0.510817 0.0192308 0.0168269
9 0.265625 0.486779 0.0120192 0.0216346
2 0.581731 0.515625 0.0240385 0.0216346
9 0.340144 0.44351 0.0168269 0.0264423
9 0.200721 0.483173 0.0120192 0.0192308
2 0.451923 0.526442 0.0240385 0.0336538
2 0.635817 0.527644 0.0456731 0.03125
0 0.942308 0.534856 0.0288462 0.09375
2 0.657452 0.533654 0.0504808 0.0336538
9 0.950721 0.445913 0.0216346 0.0360577
2 0.697115 0.540865 0.0769231 0.0432692
2 0.426683 0.539663 0.0552885 0.0504808
0 0.409856 0.615385 0.0600962 0.163462
2 0.159856 0.575721 0.314904 0.112981
