0 0.938702 0.542067 0.0264423 0.0793269
0 0.30649 0.522837 0.0168269 0.0408654
2 0.592548 0.518029 0.0264423 0.0216346
0 0.0228365 0.550481 0.03125 0.0528846
2 0.566106 0.510817 0.0216346 0.0168269
0 0.485577 0.536058 0.0240385 0.0625
0 0.354567 0.546875 0.0264423 0.0649038
9 0.341346 0.445913 0.0192308 0.03125
2 0.582933 0.515625 0.0216346 0.0216346
9 0.200721 0.483173 0.0120192 0.0192308
2 0.451923 0.530048 0.0240385 0.0360577
9 0.949519 0.444712 0.0192308 0.0336538
0 0.22476 0.544471 0.0216346 0.0697115
2 0.634615 0.528846 0.0432692 0.0336538
0 0.153846 0.539663 0.0288462 0.0793269
0 0.263221 0.528846 0.0216346 0.0625
2 0.657452 0.533654 0.0504808 0.0336538
2 0.697115 0.542067 0.0721154 0.0456731
5 0.96875 0.52524 0.0625 0.165865
2 0.424279 0.539663 0.0600962 0.0504808
