9 0.757212 0.466346 0.0144231 0.0192308
2 0.47476 0.516827 0.0264423 0.0336538
1 0.951923 0.55649 0.0288462 0.0456731
9 0.364183 0.442308 0.0216346 0.0288462
0 0.549279 0.538462 0.0216346 0.0721154
2 0.469952 0.526442 0.0216346 0.0384615
2 0.65024 0.527644 0.0408654 0.03125
2 0.481971 0.507212 0.0264423 0.0336538
0 0.330529 0.530048 0.0168269 0.0504808
2 0.668269 0.53125 0.0480769 0.0384615
0 0.300481 0.53125 0.0240385 0.0625
9 0.956731 0.44351 0.0192308 0.0360577
0 0.953125 0.532452 0.0360577 0.09375
2 0.709135 0.538462 0.0865385 0.0432692
2 0.447115 0.536058 0.0576923 0.0528846
5 0.125 0.518029 0.25 0.21875
