7 0.68149 0.469952 0.209135 0.117788
2 0.0372596 0.520433 0.0649038 0.0745192
7 0.711538 0.487981 0.125 0.0769231
2 0.0168269 0.518029 0.0336538 0.0697115
9 0.676683 0.205529 0.0408654 0.0649038
16 0.670673 0.552885 0.0432692 0.0480769
0 0.0384615 0.554087 0.0384615 0.0841346
26 0.649038 0.633413 0.0288462 0.0408654
12 0.169471 0.647837 0.0456731 0.108173
0 0.514423 0.608173 0.0480769 0.163462
0 0.632212 0.604567 0.0432692 0.141827
2 0.68149 0.558894 0.262019 0.09375
10 0.405048 0.759615 0.0697115 0.129808
