2 0.567308 0.510817 0.0192308 0.0168269
9 0.200721 0.483173 0.0120192 0.0192308
9 0.491587 0.496394 0.0168269 0.0168269
2 0.592548 0.518029 0.0264423 0.0216346
9 0.260817 0.481971 0.0120192 0.0216346
2 0.581731 0.515625 0.0240385 0.0216346
0 0.223558 0.53726 0.0240385 0.0793269
0 0.263221 0.528846 0.0216346 0.0625
2 0.451923 0.530048 0.0240385 0.0360577
9 0.341346 0.444712 0.0144231 0.0240385
0 0.490385 0.539663 0.0240385 0.0504808
2 0.634615 0.528846 0.0432692 0.0336538
0 0.15625 0.538462 0.0288462 0.0769231
2 0.657452 0.533654 0.0504808 0.0336538
0 0.942308 0.533654 0.0288462 0.0961538
2 0.698317 0.540865 0.0745192 0.0432692
9 0.950721 0.445913 0.0216346 0.0360577
2 0.424279 0.539663 0.0600962 0.0504808
