9 0.199519 0.483173 0.0144231 0.0192308
0 0.0216346 0.549279 0.0336538 0.0552885
2 0.567308 0.510817 0.0192308 0.0168269
2 0.465144 0.509615 0.0264423 0.0336538
9 0.427885 0.455529 0.00961538 0.0168269
2 0.439904 0.530048 0.0432692 0.0360577
9 0.340144 0.442308 0.0168269 0.0288462
0 0.325721 0.533654 0.0168269 0.0384615
2 0.582933 0.516827 0.0216346 0.0240385
0 0.942308 0.539663 0.0288462 0.0841346
2 0.635817 0.527644 0.0456731 0.03125
2 0.451923 0.527644 0.0240385 0.0360577
2 0.658654 0.533654 0.0528846 0.0336538
2 0.700721 0.540865 0.0745192 0.0432692
9 0.950721 0.445913 0.0216346 0.0360577
2 0.425481 0.539663 0.0528846 0.0504808
0 0.378606 0.616587 0.0600962 0.161058
2 0.225962 0.578125 0.278846 0.108173
