2 0.567308 0.510817 0.0192308 0.0168269
0 0.326923 0.530048 0.0240385 0.0649038
2 0.456731 0.520433 0.0240385 0.03125
2 0.465144 0.510817 0.0264423 0.0360577
2 0.592548 0.518029 0.0264423 0.0216346
0 0.0889423 0.538462 0.0288462 0.105769
0 0.0240385 0.552885 0.0288462 0.0480769
0 0.293269 0.539663 0.0240385 0.0745192
2 0.582933 0.515625 0.0216346 0.0216346
9 0.341346 0.44351 0.0144231 0.0264423
2 0.451923 0.527644 0.0240385 0.0360577
77 0.83774 0.591346 0.0552885 0.0528846
2 0.640625 0.528846 0.0504808 0.0336538
2 0.657452 0.533654 0.0504808 0.0336538
0 0.94351 0.534856 0.03125 0.09375
9 0.949519 0.445913 0.0240385 0.0360577
2 0.699519 0.540865 0.0769231 0.0432692
0 0.111779 0.584135 0.0552885 0.139423
2 0.425481 0.539663 0.0625 0.0504808
0 0.835337 0.649038 0.0985577 0.197115
