0 0.282452 0.544471 0.0216346 0.0697115
9 0.199519 0.490385 0.0144231 0.0336538
0 0.942308 0.544471 0.0240385 0.0697115
2 0.569712 0.512019 0.0240385 0.0192308
9 0.795673 0.487981 0.0144231 0.0192308
2 0.581731 0.515625 0.0240385 0.0216346
9 0.341346 0.44351 0.0144231 0.0264423
2 0.451923 0.527644 0.0240385 0.0360577
2 0.637019 0.530048 0.0480769 0.03125
2 0.657452 0.533654 0.0504808 0.0336538
2 0.698317 0.540865 0.0745192 0.0432692
9 0.949519 0.445913 0.0240385 0.0360577
0 0.975962 0.649038 0.0480769 0.173077
0 0.0661058 0.544471 0.03125 0.0985577
0 0.125 0.572115 0.0480769 0.129808
2 0.424279 0.539663 0.0600962 0.0504808
