0 0.896635 0.528846 0.0336538 0.0721154
77 0.515625 0.573317 0.0552885 0.112981
77 0.628606 0.602163 0.0504808 0.141827
9 0.675481 0.203125 0.0384615 0.0697115
7 0.711538 0.487981 0.125 0.0769231
26 0.649038 0.635817 0.0288462 0.0360577
0 0.516827 0.603365 0.0576923 0.173077
0 0.139423 0.569712 0.0384615 0.0913462
77 0.481971 0.626202 0.0793269 0.0793269
12 0.169471 0.65024 0.0456731 0.117788
2 0.350962 0.515625 0.153846 0.0456731
77 0.519231 0.543269 0.0432692 0.0480769
0 0.628606 0.603365 0.0456731 0.144231
10 0.403846 0.759615 0.0721154 0.129808
