2 0.417067 0.512019 0.0841346 0.0384615
2 0.969952 0.534856 0.0456731 0.0408654
9 0.674279 0.203125 0.0408654 0.0697115
77 0.519231 0.543269 0.0432692 0.0480769
0 0.627404 0.603365 0.0432692 0.144231
7 0.71274 0.490385 0.127404 0.0817308
12 0.169471 0.65024 0.0456731 0.117788
77 0.664663 0.585337 0.0600962 0.0552885
0 0.983173 0.573317 0.0336538 0.127404
1 0.966346 0.606971 0.0673077 0.0793269
0 0.514423 0.606971 0.0528846 0.165865
0 0.436298 0.584135 0.0600962 0.144231
0 0.66226 0.645433 0.117788 0.199519
10 0.403846 0.759615 0.0721154 0.129808
