2 0.733173 0.532452 0.0865385 0.0408654
9 0.977163 0.44351 0.03125 0.0408654
2 0.629808 0.508413 0.0288462 0.0168269
9 0.417067 0.447115 0.0168269 0.0192308
2 0.69351 0.524038 0.0408654 0.0288462
0 0.53726 0.532452 0.0216346 0.0649038
0 0.141827 0.542067 0.0240385 0.0504808
2 0.643029 0.510817 0.0264423 0.0168269
9 0.973558 0.444712 0.0192308 0.0288462
2 0.709135 0.528846 0.0576923 0.0336538
0 0.258413 0.533654 0.0216346 0.0625
0 0.972356 0.52524 0.0408654 0.09375
2 0.492788 0.532452 0.0576923 0.0504808
