2 0.453125 0.52524 0.0216346 0.03125
0 0.00961538 0.574519 0.0192308 0.100962
0 0.545673 0.533654 0.0144231 0.0432692
0 0.102163 0.550481 0.0216346 0.0528846
0 0.865385 0.536058 0.0192308 0.0528846
0 0.990385 0.544471 0.0192308 0.0697115
2 0.661058 0.534856 0.0673077 0.0360577
2 0.628606 0.527644 0.0408654 0.03125
9 0.861779 0.455529 0.0168269 0.0264423
0 0.213942 0.53726 0.0240385 0.0552885
2 0.430288 0.533654 0.0528846 0.0432692
2 0.902644 0.706731 0.194712 0.254808
2 0.0612981 0.735577 0.122596 0.192308
