77 0.953125 0.612981 0.0552885 0.0625
0 0.897837 0.540865 0.0264423 0.0432692
77 0.477163 0.532452 0.0360577 0.0360577
7 0.711538 0.486779 0.125 0.0745192
77 0.629808 0.549279 0.0336538 0.0360577
0 0.472356 0.586538 0.0504808 0.144231
9 0.674279 0.203125 0.0408654 0.0697115
77 0.521635 0.544471 0.0432692 0.0456731
12 0.169471 0.646635 0.0456731 0.105769
26 0.649038 0.634615 0.0288462 0.0384615
0 0.518029 0.606971 0.0504808 0.165865
0 0.956731 0.646635 0.0865385 0.259615
0 0.629808 0.603365 0.0480769 0.144231
10 0.403846 0.759615 0.0721154 0.129808
