2 0.566106 0.510817 0.0216346 0.0168269
0 0.0252404 0.542067 0.03125 0.0697115
2 0.581731 0.516827 0.0240385 0.0240385
2 0.641827 0.53125 0.0432692 0.0336538
0 0.633413 0.540865 0.03125 0.0528846
2 0.661058 0.533654 0.0576923 0.0336538
9 0.341346 0.44351 0.0144231 0.0264423
2 0.451923 0.527644 0.0240385 0.0360577
2 0.697115 0.542067 0.0769231 0.0456731
0 0.152644 0.538462 0.03125 0.0817308
9 0.950721 0.445913 0.0216346 0.0360577
2 0.423077 0.539663 0.0625 0.0504808
0 0.799279 0.623798 0.09375 0.15625
2 0.942308 0.592548 0.115385 0.103365
