0 0.897837 0.539663 0.03125 0.0456731
77 0.515625 0.605769 0.0552885 0.168269
9 0.673077 0.203125 0.0432692 0.0697115
26 0.647837 0.635817 0.03125 0.0360577
2 0.207933 0.508413 0.117788 0.0360577
7 0.710337 0.486779 0.127404 0.0745192
77 0.521635 0.543269 0.0384615 0.0480769
0 0.102163 0.552885 0.0456731 0.110577
77 0.59375 0.622596 0.0432692 0.0769231
0 0.628606 0.603365 0.0456731 0.144231
77 0.5625 0.627404 0.0528846 0.0769231
12 0.169471 0.649038 0.0456731 0.115385
0 0.515625 0.605769 0.0552885 0.173077
10 0.403846 0.759615 0.0721154 0.129808
