2 0.592548 0.518029 0.0264423 0.0216346
9 0.341346 0.442308 0.0144231 0.0240385
2 0.465144 0.508413 0.0264423 0.0360577
2 0.56851 0.512019 0.0216346 0.0192308
2 0.582933 0.515625 0.0216346 0.0216346
0 0.324519 0.536058 0.0192308 0.0480769
9 0.948317 0.459135 0.0264423 0.0673077
2 0.451923 0.526442 0.0240385 0.0336538
2 0.637019 0.528846 0.0480769 0.0336538
0 0.151442 0.540865 0.0288462 0.0769231
0 0.289663 0.545673 0.0264423 0.0625
2 0.657452 0.533654 0.0504808 0.0336538
2 0.699519 0.542067 0.0769231 0.0456731
0 0.209135 0.612981 0.0673077 0.163462
2 0.424279 0.539663 0.0649038 0.0504808
2 0.865385 0.582933 0.269231 0.108173
