2 0.424279 0.605769 0.0793269 0.173077
2 0.451923 0.526442 0.0240385 0.0336538
2 0.570913 0.512019 0.0216346 0.0192308
2 0.582933 0.515625 0.0216346 0.0216346
9 0.340144 0.44351 0.0168269 0.0264423
0 0.262019 0.532452 0.0192308 0.0600962
0 0.94351 0.533654 0.0264423 0.0961538
2 0.638221 0.528846 0.0456731 0.0336538
2 0.65625 0.533654 0.0528846 0.0336538
2 0.697115 0.540865 0.0769231 0.0432692
2 0.426683 0.536058 0.0504808 0.0432692
9 0.949519 0.445913 0.0240385 0.0360577
0 0.423077 0.621394 0.0817308 0.15625
2 0.141827 0.576923 0.283654 0.110577
