2 0.644231 0.528846 0.0528846 0.0336538
0 0.0216346 0.543269 0.0336538 0.0673077
2 0.566106 0.510817 0.0216346 0.0168269
36 0.748798 0.697115 0.0408654 0.0144231
2 0.582933 0.515625 0.0264423 0.0216346
0 0.942308 0.536058 0.0288462 0.0913462
2 0.699519 0.542067 0.0673077 0.0408654
9 0.341346 0.444712 0.0144231 0.0288462
2 0.451923 0.527644 0.0240385 0.0360577
0 0.153846 0.53726 0.0288462 0.0841346
9 0.950721 0.445913 0.0216346 0.0360577
0 0.752404 0.61899 0.0528846 0.161058
2 0.424279 0.539663 0.0600962 0.0504808
