9 0.375 0.445913 0.0192308 0.0216346
2 0.591346 0.510817 0.0240385 0.0168269
0 0.221154 0.53125 0.0240385 0.0673077
0 0.305288 0.528846 0.0240385 0.0625
2 0.489183 0.50601 0.03125 0.0360577
0 0.341346 0.526442 0.0192308 0.0528846
2 0.659856 0.52524 0.0456731 0.03125
9 0.966346 0.444712 0.0240385 0.0336538
2 0.677885 0.528846 0.0528846 0.0336538
0 0.198317 0.534856 0.0264423 0.0841346
0 0.965144 0.532452 0.0264423 0.09375
2 0.719952 0.538462 0.0793269 0.0432692
2 0.455529 0.53726 0.0600962 0.0552885
5 0.0721154 0.515625 0.144231 0.204327
