9 0.435096 0.490385 0.0144231 0.0192308
0 0.550481 0.534856 0.0192308 0.0504808
2 0.621394 0.512019 0.0264423 0.0192308
2 0.604567 0.508413 0.0216346 0.0168269
2 0.508413 0.504808 0.03125 0.0336538
9 0.551683 0.486779 0.0120192 0.0168269
0 0.929087 0.53125 0.0216346 0.0673077
0 0.00961538 0.582933 0.0192308 0.0985577
2 0.682692 0.527644 0.0480769 0.03125
9 0.929087 0.449519 0.0168269 0.0336538
0 0.247596 0.53726 0.0240385 0.0600962
2 0.713942 0.533654 0.0721154 0.0336538
2 0.967548 0.745192 0.0649038 0.168269
2 0.472356 0.532452 0.0552885 0.0456731
2 0.0396635 0.780048 0.0793269 0.108173
