0 0.129808 0.534856 0.0336538 0.0552885
2 0.5 0.522837 0.0288462 0.03125
9 0.454327 0.489183 0.0192308 0.0168269
2 0.711538 0.530048 0.0625 0.0360577
2 0.983173 0.765625 0.0336538 0.132212
2 0.6875 0.526442 0.0480769 0.0336538
9 0.407452 0.448317 0.0168269 0.0216346
0 0.942308 0.526442 0.0288462 0.0817308
9 0.942308 0.44351 0.0192308 0.0264423
0 0.548077 0.532452 0.0192308 0.0649038
0 0.251202 0.534856 0.0216346 0.0600962
2 0.481971 0.53125 0.0456731 0.0432692
2 0.0384615 0.78726 0.0769231 0.09375
