2 0.58774 0.509615 0.0216346 0.0192308
2 0.473558 0.524038 0.0240385 0.0336538
9 0.271635 0.486779 0.00961538 0.0168269
2 0.487981 0.508413 0.0288462 0.03125
0 0.545673 0.540865 0.0240385 0.0625
9 0.371394 0.442308 0.0216346 0.0288462
2 0.65625 0.527644 0.0432692 0.03125
2 0.673077 0.53125 0.0432692 0.0336538
0 0.959135 0.530048 0.0336538 0.09375
9 0.965144 0.44351 0.0264423 0.0360577
2 0.719952 0.53726 0.0745192 0.0456731
2 0.450721 0.536058 0.0600962 0.0528846
5 0.0877404 0.518029 0.175481 0.213942
