9 0.340144 0.444712 0.0168269 0.0288462
9 0.149038 0.481971 0.0144231 0.0264423
0 0.201923 0.606971 0.110577 0.103365
2 0.592548 0.516827 0.0264423 0.0240385
2 0.581731 0.515625 0.0240385 0.0216346
2 0.567308 0.510817 0.0192308 0.0168269
9 0.200721 0.483173 0.0120192 0.0192308
0 0.322115 0.536058 0.0144231 0.0432692
2 0.451923 0.526442 0.0240385 0.0336538
0 0.293269 0.53726 0.0240385 0.0841346
0 0.186298 0.574519 0.0600962 0.0961538
2 0.638221 0.530048 0.0456731 0.03125
0 0.893029 0.534856 0.0264423 0.0697115
2 0.657452 0.533654 0.0504808 0.0336538
0 0.942308 0.534856 0.0288462 0.09375
9 0.950721 0.445913 0.0216346 0.0360577
2 0.698317 0.540865 0.0793269 0.0432692
0 0.129808 0.614183 0.0480769 0.15625
1 0.203125 0.614183 0.122596 0.09375
2 0.424279 0.539663 0.0600962 0.0504808
