9 0.979567 0.445913 0.03125 0.0408654
0 0.387019 0.528846 0.0144231 0.0432692
9 0.534856 0.487981 0.0120192 0.0144231
9 0.418269 0.450721 0.0192308 0.0264423
2 0.627404 0.508413 0.0240385 0.0168269
9 0.50601 0.490385 0.0120192 0.0144231
9 0.975962 0.444712 0.0192308 0.0336538
2 0.645433 0.513221 0.0264423 0.0216346
0 0.258413 0.536058 0.0216346 0.0673077
2 0.705529 0.528846 0.0456731 0.0336538
0 0.97476 0.53125 0.03125 0.0817308
2 0.490385 0.534856 0.0576923 0.0552885
2 0.75 0.536058 0.0673077 0.0432692
