2 0.453125 0.527644 0.0408654 0.0408654
2 0.528846 0.503606 0.0192308 0.0168269
2 0.465144 0.527644 0.0216346 0.0360577
0 0.563702 0.53125 0.03125 0.0817308
2 0.645433 0.527644 0.0408654 0.03125
9 0.354567 0.445913 0.0216346 0.03125
1 0.570913 0.55649 0.0456731 0.0360577
2 0.473558 0.50601 0.0288462 0.0360577
2 0.66226 0.53125 0.0552885 0.0336538
9 0.953125 0.444712 0.0168269 0.0384615
0 0.947115 0.530048 0.0336538 0.0985577
2 0.707933 0.539663 0.0793269 0.0456731
2 0.433894 0.53726 0.0600962 0.0504808
5 0.180288 0.520433 0.355769 0.228365
