2 0.567308 0.512019 0.0192308 0.0192308
0 0.628606 0.560096 0.03125 0.0336538
9 0.947115 0.481971 0.0192308 0.0216346
2 0.581731 0.516827 0.0240385 0.0240385
9 0.340144 0.44351 0.0168269 0.0264423
9 0.949519 0.445913 0.0240385 0.0408654
2 0.832933 0.548077 0.0985577 0.0432692
2 0.638221 0.530048 0.0408654 0.03125
2 0.451923 0.527644 0.0240385 0.0360577
2 0.653846 0.533654 0.0625 0.0336538
0 0.153846 0.536058 0.0288462 0.0865385
2 0.698317 0.542067 0.0793269 0.0456731
2 0.424279 0.539663 0.0600962 0.0504808
0 0.807692 0.620192 0.0865385 0.158654
2 0.926683 0.592548 0.146635 0.0985577
