2 0.591346 0.515625 0.0288462 0.0216346
0 0.225962 0.546875 0.0192308 0.0552885
9 0.340144 0.44351 0.0168269 0.0264423
2 0.567308 0.510817 0.0240385 0.0168269
2 0.466346 0.509615 0.0288462 0.0336538
2 0.581731 0.514423 0.0240385 0.0192308
0 0.0288462 0.694712 0.0576923 0.216346
24 0.307692 0.551683 0.0336538 0.0408654
77 0.0300481 0.63101 0.0504808 0.0600962
2 0.451923 0.527644 0.0240385 0.0360577
2 0.638221 0.530048 0.0456731 0.03125
0 0.913462 0.539663 0.0240385 0.0649038
2 0.657452 0.533654 0.0552885 0.0336538
0 0.147837 0.542067 0.0264423 0.0697115
2 0.699519 0.540865 0.0769231 0.0432692
9 0.949519 0.445913 0.0240385 0.0360577
0 0.94351 0.534856 0.0264423 0.09375
0 0.342548 0.585337 0.0745192 0.132212
2 0.424279 0.539663 0.0600962 0.0504808
1 0.34375 0.61899 0.153846 0.0889423
0 0.100962 0.612981 0.0673077 0.163462
