9 0.948317 0.485577 0.0168269 0.0192308
77 0.947115 0.58774 0.0480769 0.0504808
2 0.467548 0.510817 0.0264423 0.03125
2 0.569712 0.512019 0.0240385 0.0192308
2 0.590144 0.519231 0.0264423 0.0240385
0 0.203125 0.53125 0.0264423 0.0913462
2 0.449519 0.528846 0.0288462 0.0336538
2 0.581731 0.515625 0.0240385 0.0216346
2 0.634615 0.528846 0.0432692 0.0336538
0 0.28726 0.540865 0.0264423 0.0769231
2 0.658654 0.533654 0.0528846 0.0336538
0 0.0745192 0.53726 0.0384615 0.0985577
9 0.949519 0.445913 0.0240385 0.0360577
2 0.699519 0.540865 0.0769231 0.0432692
0 0.948317 0.646635 0.0841346 0.182692
0 0.122596 0.575721 0.0480769 0.132212
2 0.424279 0.539663 0.0600962 0.0504808
