77 0.115385 0.614183 0.0384615 0.0793269
77 0.0637019 0.608173 0.0408654 0.0769231
0 0.0576923 0.549279 0.0480769 0.122596
0 0.30649 0.503606 0.0264423 0.03125
9 0.673077 0.203125 0.0432692 0.0697115
7 0.71274 0.480769 0.122596 0.0625
26 0.649038 0.635817 0.0288462 0.0360577
77 0.0889423 0.609375 0.0865385 0.0841346
0 0.237981 0.566106 0.0576923 0.132212
12 0.168269 0.646635 0.0432692 0.105769
0 0.515625 0.609375 0.0552885 0.161058
0 0.629808 0.603365 0.0480769 0.144231
2 0.741587 0.554087 0.252404 0.103365
10 0.403846 0.759615 0.0721154 0.129808
