0 0.0552885 0.53125 0.0192308 0.0576923
9 0.199519 0.483173 0.0144231 0.0192308
2 0.640625 0.528846 0.0504808 0.0336538
9 0.340144 0.44351 0.0168269 0.0264423
2 0.663462 0.533654 0.0865385 0.0384615
2 0.451923 0.527644 0.0240385 0.0360577
0 0.22476 0.544471 0.0216346 0.0649038
0 0.942308 0.539663 0.0240385 0.0793269
0 0.25601 0.534856 0.0264423 0.0745192
9 0.950721 0.445913 0.0216346 0.0360577
0 0.152644 0.534856 0.03125 0.0889423
2 0.760817 0.588942 0.334135 0.100962
2 0.424279 0.539663 0.0600962 0.0504808
0 0.870192 0.621394 0.100962 0.165865
