2 0.605769 0.521635 0.0288462 0.0288462
9 0.199519 0.483173 0.0144231 0.0192308
0 0.223558 0.538462 0.0192308 0.0769231
0 0.169471 0.540865 0.0216346 0.0625
2 0.567308 0.510817 0.0240385 0.0168269
2 0.581731 0.516827 0.0240385 0.0240385
9 0.340144 0.449519 0.0168269 0.0384615
0 0.258413 0.533654 0.0216346 0.0769231
2 0.634615 0.528846 0.0432692 0.0336538
2 0.658654 0.533654 0.0528846 0.0336538
2 0.698317 0.540865 0.0745192 0.0432692
9 0.949519 0.445913 0.0192308 0.0360577
0 0.94351 0.532452 0.03125 0.0985577
2 0.423077 0.538462 0.0625 0.0528846
0 0.454327 0.61899 0.0576923 0.161058
2 0.0817308 0.574519 0.158654 0.110577
