2 0.605769 0.522837 0.0288462 0.03125
9 0.199519 0.483173 0.0144231 0.0192308
9 0.151442 0.490385 0.0192308 0.0288462
2 0.591346 0.518029 0.0288462 0.0264423
2 0.465144 0.509615 0.0264423 0.0336538
9 0.948317 0.483173 0.0168269 0.0240385
2 0.567308 0.510817 0.0192308 0.0168269
24 0.0384615 0.549279 0.0336538 0.0360577
0 0.22476 0.542067 0.0216346 0.0697115
0 0.323317 0.536058 0.0168269 0.0432692
2 0.581731 0.515625 0.0240385 0.0216346
9 0.340144 0.442308 0.0168269 0.0288462
9 0.949519 0.457933 0.0240385 0.0649038
0 0.294471 0.546875 0.0216346 0.0649038
2 0.451923 0.527644 0.0240385 0.0360577
2 0.637019 0.528846 0.0480769 0.0336538
2 0.658654 0.533654 0.0528846 0.0336538
2 0.699519 0.540865 0.0769231 0.0432692
0 0.0697115 0.578125 0.0673077 0.122596
2 0.425481 0.539663 0.0625 0.0504808
0 0.161058 0.612981 0.0721154 0.158654
1 0.0805288 0.614183 0.141827 0.0889423
2 0.950721 0.586538 0.0985577 0.105769
