9 0.25 0.486779 0.0192308 0.0168269
2 0.635817 0.528846 0.0456731 0.0288462
9 0.328125 0.478365 0.0168269 0.0288462
0 0.0204327 0.550481 0.03125 0.0528846
2 0.566106 0.509615 0.0216346 0.0144231
2 0.463942 0.509615 0.0288462 0.0336538
2 0.580529 0.515625 0.0216346 0.0216346
9 0.340144 0.44351 0.0168269 0.0264423
2 0.686298 0.538462 0.103365 0.0432692
2 0.65625 0.532452 0.0673077 0.0360577
2 0.451923 0.526442 0.0240385 0.0336538
0 0.942308 0.534856 0.0288462 0.09375
0 0.155048 0.532452 0.03125 0.09375
9 0.949519 0.445913 0.0240385 0.0360577
0 0.634615 0.621394 0.0528846 0.15625
2 0.424279 0.539663 0.0600962 0.0504808
