2 0.56851 0.512019 0.0216346 0.0192308
2 0.582933 0.515625 0.0216346 0.0216346
9 0.948317 0.483173 0.0216346 0.0240385
2 0.465144 0.509615 0.0264423 0.0336538
9 0.340144 0.44351 0.0168269 0.0264423
2 0.451923 0.526442 0.0240385 0.0336538
9 0.949519 0.444712 0.0240385 0.0384615
0 0.22476 0.532452 0.0216346 0.0889423
2 0.640625 0.528846 0.0504808 0.0336538
2 0.65625 0.533654 0.0528846 0.0336538
0 0.293269 0.533654 0.0288462 0.0913462
2 0.698317 0.539663 0.0793269 0.0456731
0 0.0192308 0.576923 0.0384615 0.139423
0 0.177885 0.616587 0.0480769 0.161058
2 0.424279 0.539663 0.0600962 0.0504808
1 0.0384615 0.611779 0.0769231 0.0889423
2 0.907452 0.585337 0.180288 0.108173
