2 0.581731 0.526442 0.0336538 0.0288462
2 0.454327 0.515625 0.0288462 0.03125
9 0.844952 0.491587 0.0216346 0.0216346
9 0.902644 0.492788 0.0168269 0.0192308
0 0.951923 0.552885 0.0288462 0.0480769
0 0.317308 0.538462 0.0240385 0.0432692
9 0.356971 0.46274 0.0216346 0.0216346
9 0.838942 0.461538 0.0192308 0.0336538
2 0.616587 0.532452 0.0360577 0.0264423
2 0.646635 0.539663 0.0576923 0.0360577
0 0.215144 0.544471 0.0216346 0.0504808
0 0.0180288 0.575721 0.0360577 0.0841346
2 0.424279 0.539663 0.0504808 0.0408654
2 0.0805288 0.72476 0.161058 0.213942
2 0.876202 0.700721 0.247596 0.262019
