1 0.707933 0.558894 0.0649038 0.108173
0 0.710337 0.581731 0.103365 0.0817308
0 0.364183 0.575721 0.0504808 0.137019
7 0.661058 0.461538 0.235577 0.144231
9 0.675481 0.203125 0.0384615 0.0697115
26 0.65024 0.635817 0.03125 0.0360577
0 0.514423 0.609375 0.0528846 0.161058
0 0.707933 0.555288 0.0600962 0.105769
12 0.169471 0.646635 0.0456731 0.105769
0 0.629808 0.603365 0.0480769 0.144231
0 0.393029 0.611779 0.0697115 0.161058
1 0.711538 0.584135 0.105769 0.0769231
10 0.405048 0.758413 0.0649038 0.132212
