0 0.223558 0.545673 0.0192308 0.0673077
9 0.199519 0.483173 0.0144231 0.0192308
2 0.564904 0.510817 0.0240385 0.0168269
2 0.451923 0.528846 0.0240385 0.0384615
2 0.582933 0.516827 0.0264423 0.0240385
0 0.0216346 0.550481 0.0336538 0.0528846
9 0.341346 0.44351 0.0192308 0.0264423
2 0.651442 0.53125 0.0576923 0.0336538
0 0.264423 0.538462 0.0288462 0.0673077
2 0.637019 0.527644 0.0432692 0.03125
0 0.3125 0.522837 0.0144231 0.0408654
0 0.153846 0.538462 0.0288462 0.0817308
9 0.949519 0.445913 0.0240385 0.0360577
2 0.689904 0.540865 0.100962 0.0432692
0 0.90625 0.622596 0.0480769 0.163462
2 0.425481 0.538462 0.0576923 0.0480769
2 0.59375 0.585337 0.322115 0.108173
