9 0.389423 0.471154 0.0144231 0.0192308
2 0.604567 0.521635 0.03125 0.0288462
0 0.801683 0.534856 0.0216346 0.0649038
77 0.328125 0.561298 0.0456731 0.0456731
2 0.567308 0.510817 0.0240385 0.0168269
2 0.591346 0.516827 0.0288462 0.0240385
2 0.582933 0.515625 0.0264423 0.0216346
0 0.0216346 0.549279 0.0288462 0.0552885
9 0.340144 0.442308 0.0168269 0.0240385
2 0.46274 0.508413 0.03125 0.0360577
2 0.638221 0.528846 0.0504808 0.0336538
0 0.942308 0.53726 0.0288462 0.0889423
2 0.657452 0.533654 0.0552885 0.0336538
0 0.155048 0.539663 0.03125 0.0793269
2 0.698317 0.540865 0.0793269 0.0432692
9 0.949519 0.445913 0.0240385 0.0360577
2 0.43149 0.527644 0.0649038 0.03125
0 0.330529 0.614183 0.0504808 0.161058
2 0.407452 0.578125 0.305288 0.108173
