2 0.581731 0.515625 0.0240385 0.0216346
0 0.251202 0.528846 0.0216346 0.0817308
0 0.0228365 0.551683 0.03125 0.0504808
0 0.19351 0.539663 0.0216346 0.0649038
2 0.680288 0.538462 0.0625 0.0384615
0 0.225962 0.548077 0.0192308 0.0576923
9 0.340144 0.44351 0.0168269 0.0264423
2 0.643029 0.527644 0.0504808 0.03125
9 0.328125 0.478365 0.0168269 0.0288462
0 0.942308 0.53726 0.0288462 0.0889423
2 0.451923 0.527644 0.0240385 0.0360577
2 0.657452 0.533654 0.0552885 0.0336538
0 0.153846 0.533654 0.0288462 0.0913462
9 0.950721 0.445913 0.0216346 0.0360577
2 0.424279 0.539663 0.0600962 0.0504808
0 0.598558 0.61899 0.0673077 0.161058
