2 0.590144 0.518029 0.0264423 0.0216346
0 0.213942 0.551683 0.0192308 0.0504808
2 0.567308 0.510817 0.0192308 0.0168269
2 0.451923 0.527644 0.0240385 0.0360577
9 0.340144 0.44351 0.0168269 0.0264423
2 0.581731 0.515625 0.0192308 0.0216346
0 0.294471 0.53726 0.0264423 0.0793269
2 0.635817 0.528846 0.0408654 0.0336538
0 0.942308 0.53726 0.0288462 0.0889423
2 0.657452 0.533654 0.0504808 0.0336538
2 0.698317 0.540865 0.0745192 0.0432692
9 0.950721 0.445913 0.0216346 0.0360577
0 0.111779 0.590144 0.0504808 0.141827
2 0.424279 0.539663 0.0600962 0.0504808
0 0.808894 0.65625 0.0697115 0.1875
