0 0.0216346 0.549279 0.0336538 0.0552885
2 0.592548 0.518029 0.0264423 0.0216346
2 0.581731 0.515625 0.0240385 0.0216346
9 0.496394 0.495192 0.0168269 0.0144231
0 0.263221 0.528846 0.0216346 0.0625
0 0.94351 0.538462 0.0264423 0.0865385
0 0.496394 0.539663 0.03125 0.0745192
9 0.341346 0.444712 0.0144231 0.0240385
2 0.451923 0.528846 0.0240385 0.0336538
0 0.155048 0.540865 0.03125 0.0769231
2 0.634615 0.528846 0.0432692 0.0336538
9 0.949519 0.445913 0.0240385 0.0360577
2 0.658654 0.533654 0.0480769 0.0336538
2 0.700721 0.540865 0.0745192 0.0432692
2 0.424279 0.539663 0.0600962 0.0504808
