77 0.439904 0.563702 0.0432692 0.0456731
2 0.567308 0.510817 0.0192308 0.0168269
2 0.584135 0.516827 0.0240385 0.0240385
2 0.46274 0.509615 0.03125 0.0384615
9 0.199519 0.483173 0.0144231 0.0192308
9 0.340144 0.444712 0.0168269 0.0288462
0 0.94351 0.53726 0.0264423 0.0889423
2 0.698317 0.540865 0.0745192 0.0432692
2 0.635817 0.528846 0.0408654 0.0336538
0 0.260817 0.533654 0.0216346 0.0769231
2 0.657452 0.533654 0.0504808 0.0336538
9 0.949519 0.445913 0.0240385 0.0360577
2 0.420673 0.53726 0.0576923 0.0456731
0 0.441106 0.61899 0.0793269 0.161058
2 0.0997596 0.574519 0.199519 0.110577
