9 0.341346 0.442308 0.0144231 0.0240385
2 0.465144 0.509615 0.0264423 0.0336538
2 0.591346 0.516827 0.0288462 0.0240385
2 0.567308 0.510817 0.0240385 0.0168269
9 0.200721 0.483173 0.0168269 0.0192308
2 0.581731 0.515625 0.0240385 0.0216346
0 0.944712 0.546875 0.0240385 0.0697115
77 0.579327 0.602163 0.0528846 0.0552885
0 0.294471 0.542067 0.0216346 0.0745192
36 0.558894 0.75 0.0360577 0.0336538
0 0.121394 0.548077 0.0264423 0.0769231
2 0.451923 0.526442 0.0240385 0.0336538
24 0.876202 0.560096 0.0360577 0.0336538
0 0.222356 0.544471 0.0216346 0.0649038
2 0.634615 0.527644 0.0432692 0.03125
2 0.657452 0.533654 0.0504808 0.0336538
9 0.949519 0.445913 0.0240385 0.0360577
0 0.576923 0.663462 0.0673077 0.206731
1 0.90024 0.622596 0.127404 0.0865385
2 0.700721 0.540865 0.0745192 0.0432692
0 0.0913462 0.598558 0.0528846 0.144231
0 0.90024 0.588942 0.0841346 0.115385
2 0.424279 0.539663 0.0600962 0.0504808
