9 0.427885 0.489183 0.0144231 0.0168269
2 0.492788 0.522837 0.0192308 0.03125
2 0.597356 0.508413 0.0216346 0.0168269
2 0.617788 0.512019 0.0240385 0.0192308
0 0.990385 0.539663 0.0192308 0.0697115
0 0.24399 0.538462 0.0216346 0.0625
0 0.918269 0.526442 0.0288462 0.0817308
0 0.550481 0.536058 0.0192308 0.0528846
0 0.00961538 0.585337 0.0192308 0.09375
9 0.923077 0.449519 0.0192308 0.0336538
2 0.671875 0.52524 0.0408654 0.03125
2 0.709135 0.534856 0.0625 0.0360577
2 0.46875 0.532452 0.0528846 0.0456731
2 0.961538 0.74399 0.0769231 0.175481
2 0.0444712 0.772837 0.0889423 0.122596
