0 0.326923 0.53125 0.0192308 0.0576923
2 0.605769 0.521635 0.0336538 0.0288462
2 0.569712 0.512019 0.0240385 0.0192308
2 0.591346 0.518029 0.0288462 0.0264423
0 0.194712 0.540865 0.0288462 0.0769231
1 0.192308 0.55649 0.0240385 0.0456731
2 0.580529 0.515625 0.0216346 0.0216346
0 0.981971 0.668269 0.0360577 0.129808
9 0.341346 0.442308 0.0144231 0.0240385
2 0.451923 0.527644 0.0240385 0.0360577
0 0.895433 0.520433 0.0168269 0.0649038
2 0.637019 0.528846 0.0480769 0.0336538
0 0.942308 0.536058 0.0288462 0.0913462
2 0.658654 0.533654 0.0528846 0.0336538
0 0.284856 0.532452 0.03125 0.0985577
2 0.699519 0.540865 0.0721154 0.0432692
9 0.949519 0.445913 0.0192308 0.0360577
0 0.0576923 0.545673 0.0336538 0.0913462
2 0.424279 0.539663 0.0600962 0.0504808
0 0.127404 0.569712 0.0480769 0.129808
