9 0.199519 0.483173 0.0144231 0.0192308
2 0.570913 0.512019 0.0264423 0.0192308
2 0.581731 0.515625 0.0240385 0.0216346
0 0.942308 0.536058 0.0288462 0.0913462
9 0.341346 0.44351 0.0144231 0.0264423
0 0.155048 0.542067 0.0264423 0.0745192
2 0.697115 0.540865 0.0769231 0.0432692
0 0.22476 0.533654 0.0216346 0.0865385
2 0.634615 0.527644 0.0432692 0.03125
2 0.657452 0.533654 0.0504808 0.0336538
0 0.258413 0.530048 0.0216346 0.0841346
9 0.950721 0.445913 0.0216346 0.0360577
2 0.424279 0.539663 0.0600962 0.0504808
0 0.472356 0.61899 0.0552885 0.161058
2 0.0625 0.578125 0.125 0.103365
