9 0.143029 0.28726 0.0216346 0.0600962
2 0.438702 0.53125 0.0456731 0.0384615
0 0.789663 0.542067 0.0264423 0.0600962
2 0.582933 0.515625 0.0264423 0.0216346
9 0.341346 0.442308 0.0192308 0.0288462
2 0.567308 0.510817 0.0192308 0.0168269
2 0.451923 0.527644 0.0240385 0.0360577
2 0.640625 0.530048 0.0504808 0.03125
2 0.657452 0.533654 0.0504808 0.0336538
0 0.942308 0.53726 0.0288462 0.0889423
2 0.699519 0.542067 0.0769231 0.0408654
9 0.949519 0.444712 0.0240385 0.0384615
2 0.425481 0.538462 0.0576923 0.0480769
0 0.360577 0.617788 0.0913462 0.158654
2 0.286058 0.576923 0.317308 0.105769
