2 0.466346 0.512019 0.0288462 0.0288462
9 0.341346 0.44351 0.0144231 0.0216346
0 0.832933 0.61899 0.127404 0.09375
2 0.591346 0.516827 0.0288462 0.0240385
0 0.294471 0.542067 0.0216346 0.0697115
2 0.566106 0.510817 0.0216346 0.0168269
0 0.971154 0.542067 0.0288462 0.0697115
0 0.22476 0.542067 0.0216346 0.0697115
2 0.581731 0.515625 0.0240385 0.0216346
9 0.199519 0.483173 0.0144231 0.0192308
2 0.451923 0.526442 0.0240385 0.0336538
24 0.805288 0.551683 0.0336538 0.0456731
2 0.637019 0.528846 0.0480769 0.0336538
0 0.942308 0.540865 0.0288462 0.0817308
2 0.657452 0.533654 0.0504808 0.0336538
0 0.122596 0.545673 0.0288462 0.0673077
77 0.514423 0.59976 0.0625 0.0649038
9 0.949519 0.445913 0.0240385 0.0360577
2 0.699519 0.540865 0.0769231 0.0432692
0 0.831731 0.588942 0.0817308 0.125
2 0.424279 0.539663 0.0600962 0.0504808
0 0.0841346 0.605769 0.0528846 0.149038
1 0.834135 0.622596 0.134615 0.0865385
0 0.515625 0.647837 0.117788 0.242788
