2 0.639423 0.522837 0.0384615 0.0216346
2 0.582933 0.516827 0.0264423 0.0240385
0 0.942308 0.544471 0.0240385 0.0745192
9 0.379808 0.466346 0.00961538 0.0144231
9 0.429087 0.455529 0.0120192 0.0120192
2 0.65625 0.527644 0.0528846 0.0264423
9 0.342548 0.44351 0.0168269 0.0264423
0 0.313702 0.520433 0.0120192 0.0408654
0 0.0228365 0.548077 0.03125 0.0576923
2 0.451923 0.527644 0.0240385 0.0360577
0 0.22476 0.538462 0.0216346 0.0769231
2 0.689904 0.540865 0.100962 0.0432692
0 0.152644 0.533654 0.03125 0.0913462
9 0.950721 0.445913 0.0216346 0.0360577
0 0.262019 0.539663 0.0288462 0.0745192
2 0.423077 0.539663 0.0625 0.0504808
0 0.893029 0.622596 0.0600962 0.158654
2 0.647837 0.588942 0.319712 0.105769
