0 0.325721 0.536058 0.0168269 0.0480769
2 0.603365 0.521635 0.0288462 0.0288462
2 0.567308 0.510817 0.0192308 0.0168269
2 0.591346 0.519231 0.0288462 0.0240385
0 0.135817 0.533654 0.0264423 0.0817308
9 0.341346 0.44351 0.0192308 0.0264423
2 0.581731 0.515625 0.0240385 0.0216346
2 0.451923 0.528846 0.0240385 0.0336538
2 0.634615 0.528846 0.0432692 0.0336538
0 0.942308 0.53726 0.0288462 0.0889423
2 0.657452 0.533654 0.0504808 0.0336538
2 0.695913 0.540865 0.0745192 0.0432692
0 0.294471 0.538462 0.0264423 0.0817308
9 0.950721 0.445913 0.0216346 0.0360577
2 0.424279 0.539663 0.0600962 0.0504808
0 0.106971 0.591346 0.0504808 0.139423
0 0.72476 0.66226 0.0889423 0.185096
