2 0.561298 0.509615 0.0216346 0.0144231
2 0.570913 0.512019 0.0216346 0.0192308
2 0.605769 0.521635 0.0288462 0.0288462
9 0.329327 0.479567 0.0144231 0.03125
0 0.0216346 0.549279 0.0288462 0.0552885
2 0.591346 0.518029 0.0288462 0.0264423
36 0.544471 0.69351 0.03125 0.0216346
0 0.18149 0.534856 0.0264423 0.0745192
2 0.581731 0.515625 0.0240385 0.0216346
2 0.675481 0.539663 0.0576923 0.0408654
9 0.340144 0.44351 0.0168269 0.0264423
0 0.22476 0.542067 0.0216346 0.0697115
0 0.941106 0.536058 0.0264423 0.0913462
2 0.450721 0.527644 0.0264423 0.0360577
2 0.658654 0.533654 0.0528846 0.0336538
0 0.251202 0.534856 0.0264423 0.0697115
2 0.635817 0.528846 0.0456731 0.0336538
0 0.153846 0.534856 0.0288462 0.0889423
9 0.950721 0.445913 0.0216346 0.0360577
0 0.539663 0.620192 0.0504808 0.163462
2 0.424279 0.539663 0.0600962 0.0504808
