0 0.0204327 0.539663 0.0360577 0.0504808
2 0.590144 0.518029 0.0264423 0.0216346
9 0.522837 0.492788 0.0168269 0.0144231
2 0.566106 0.510817 0.0216346 0.0168269
2 0.581731 0.515625 0.0240385 0.0216346
9 0.200721 0.483173 0.0120192 0.0192308
0 0.52524 0.542067 0.0264423 0.0456731
9 0.341346 0.444712 0.0192308 0.0288462
0 0.22476 0.538462 0.0216346 0.0769231
2 0.451923 0.527644 0.0240385 0.0360577
2 0.638221 0.528846 0.0456731 0.0288462
2 0.657452 0.533654 0.0504808 0.0336538
0 0.941106 0.539663 0.0264423 0.0841346
2 0.698317 0.540865 0.0793269 0.0432692
0 0.153846 0.540865 0.0288462 0.0769231
0 0.31851 0.539663 0.0264423 0.0745192
9 0.949519 0.445913 0.0240385 0.0360577
0 0.260817 0.527644 0.0216346 0.0697115
2 0.0300481 0.591346 0.0600962 0.0625
2 0.424279 0.539663 0.0600962 0.0504808
