2 0.567308 0.510817 0.0192308 0.0168269
2 0.590144 0.518029 0.0264423 0.0216346
9 0.948317 0.481971 0.0168269 0.0216346
2 0.582933 0.515625 0.0216346 0.0216346
9 0.199519 0.483173 0.0144231 0.0192308
9 0.341346 0.44351 0.0144231 0.0264423
2 0.451923 0.526442 0.0240385 0.0336538
2 0.641827 0.528846 0.0480769 0.0336538
9 0.949519 0.444712 0.0240385 0.0384615
0 0.221154 0.540865 0.0240385 0.0769231
2 0.692308 0.540865 0.0913462 0.0432692
0 0.960337 0.580529 0.0745192 0.112981
0 0.0985577 0.597356 0.0528846 0.141827
1 0.951923 0.620192 0.0961538 0.0865385
2 0.425481 0.539663 0.0576923 0.0504808
0 0.640625 0.664663 0.127404 0.199519
