9 0.326923 0.475962 0.0144231 0.0240385
0 0.329327 0.52524 0.0144231 0.0456731
0 0.125 0.542067 0.0240385 0.0456731
2 0.58774 0.509615 0.0216346 0.0144231
2 0.646635 0.52524 0.0432692 0.0264423
2 0.484375 0.524038 0.0216346 0.0288462
0 0.0108173 0.585337 0.0216346 0.09375
9 0.391827 0.453125 0.0144231 0.0216346
9 0.909856 0.453125 0.0168269 0.0264423
0 0.370192 0.527644 0.0192308 0.0504808
0 0.237981 0.53726 0.0240385 0.0600962
2 0.659856 0.527644 0.0408654 0.03125
2 0.698317 0.53726 0.0649038 0.0408654
2 0.0516827 0.760817 0.103365 0.146635
2 0.461538 0.534856 0.0528846 0.0456731
2 0.944712 0.737981 0.110577 0.1875
