2 0.569712 0.512019 0.0240385 0.0192308
0 0.195913 0.545673 0.0264423 0.0625
0 0.330529 0.532452 0.0168269 0.0600962
9 0.341346 0.442308 0.0144231 0.0240385
2 0.581731 0.515625 0.0240385 0.0216346
0 0.894231 0.512019 0.0192308 0.0721154
2 0.451923 0.527644 0.0240385 0.0360577
9 0.199519 0.491587 0.0144231 0.0360577
2 0.639423 0.528846 0.0480769 0.0336538
0 0.94351 0.534856 0.03125 0.09375
2 0.65625 0.533654 0.0528846 0.0336538
0 0.280048 0.533654 0.0264423 0.0913462
2 0.699519 0.540865 0.0721154 0.0432692
9 0.949519 0.444712 0.0240385 0.0384615
0 0.0625 0.540865 0.0336538 0.0913462
0 0.979567 0.655048 0.0408654 0.161058
0 0.125 0.572115 0.0480769 0.129808
2 0.425481 0.539663 0.0625 0.0504808
