2 0.456731 0.518029 0.0240385 0.03125
2 0.463942 0.510817 0.0288462 0.0360577
2 0.451923 0.528846 0.0240385 0.0384615
9 0.342548 0.445913 0.0168269 0.03125
2 0.641827 0.528846 0.0480769 0.0336538
0 0.569712 0.539663 0.0288462 0.0697115
2 0.65625 0.533654 0.0480769 0.0336538
9 0.950721 0.445913 0.0216346 0.0360577
0 0.153846 0.534856 0.0288462 0.0889423
2 0.699519 0.540865 0.0769231 0.0432692
2 0.426683 0.534856 0.0552885 0.0456731
0 0.961538 0.622596 0.0576923 0.153846
2 0.370192 0.586538 0.336538 0.105769
