77 0.520433 0.543269 0.0408654 0.0480769
0 0.899038 0.540865 0.0288462 0.0432692
7 0.711538 0.485577 0.125 0.0721154
9 0.679087 0.210337 0.0264423 0.0600962
0 0.478365 0.585337 0.0480769 0.146635
1 0.989183 0.603365 0.0216346 0.0721154
0 0.0132212 0.545673 0.0264423 0.0769231
12 0.169471 0.646635 0.0456731 0.105769
0 0.985577 0.569712 0.0288462 0.134615
0 0.96274 0.524038 0.03125 0.105769
26 0.649038 0.634615 0.0288462 0.0384615
0 0.516827 0.610577 0.0480769 0.158654
0 0.629808 0.604567 0.0480769 0.141827
10 0.403846 0.758413 0.0721154 0.127404
