9 0.199519 0.483173 0.0144231 0.0192308
1 0.223558 0.590144 0.0961538 0.132212
9 0.22476 0.5 0.0168269 0.0192308
0 0.151442 0.539663 0.0288462 0.0793269
2 0.465144 0.509615 0.0264423 0.0336538
2 0.582933 0.514423 0.0216346 0.0192308
2 0.567308 0.510817 0.0192308 0.0168269
9 0.340144 0.44351 0.0168269 0.0264423
0 0.294471 0.540865 0.0216346 0.0721154
2 0.451923 0.527644 0.0240385 0.0360577
0 0.322115 0.536058 0.0144231 0.0432692
24 0.191106 0.549279 0.0408654 0.0360577
2 0.639423 0.530048 0.0480769 0.03125
0 0.897837 0.534856 0.0264423 0.0649038
0 0.942308 0.536058 0.0288462 0.0913462
2 0.65625 0.533654 0.0528846 0.0336538
0 0.222356 0.576923 0.0793269 0.125
2 0.697115 0.540865 0.0769231 0.0432692
9 0.950721 0.445913 0.0216346 0.0360577
2 0.424279 0.539663 0.0600962 0.0504808
0 0.120192 0.616587 0.0528846 0.15625
1 0.227163 0.617788 0.146635 0.0865385
