9 0.38101 0.473558 0.0120192 0.0144231
9 0.341346 0.442308 0.0144231 0.0240385
9 0.199519 0.483173 0.0144231 0.0192308
2 0.605769 0.521635 0.0288462 0.0288462
2 0.570913 0.513221 0.0264423 0.0216346
2 0.461538 0.503606 0.0288462 0.03125
0 0.294471 0.538462 0.0216346 0.0769231
2 0.591346 0.518029 0.0288462 0.0264423
2 0.581731 0.515625 0.0240385 0.0216346
2 0.451923 0.52524 0.0240385 0.03125
77 0.221154 0.612981 0.0673077 0.0673077
0 0.141827 0.542067 0.0288462 0.0745192
2 0.634615 0.528846 0.0432692 0.0336538
2 0.658654 0.533654 0.0528846 0.0336538
0 0.94351 0.533654 0.03125 0.0961538
24 0.501202 0.552885 0.0408654 0.0432692
9 0.949519 0.445913 0.0240385 0.0360577
0 0.0805288 0.611779 0.0552885 0.161058
2 0.698317 0.540865 0.0793269 0.0432692
0 0.534856 0.586538 0.0793269 0.134615
2 0.424279 0.539663 0.0600962 0.0504808
1 0.538462 0.620192 0.149038 0.0913462
0 0.221154 0.66226 0.120192 0.252404
