2 0.425481 0.512019 0.0961538 0.0432692
0 0.899038 0.542067 0.0288462 0.0456731
7 0.710337 0.486779 0.127404 0.0745192
0 0.497596 0.600962 0.0625 0.163462
9 0.676683 0.206731 0.0360577 0.0673077
0 0.990385 0.532452 0.0192308 0.103365
12 0.169471 0.644231 0.0456731 0.100962
0 0.478365 0.586538 0.0480769 0.144231
26 0.649038 0.634615 0.0288462 0.0384615
0 0.514423 0.615385 0.0480769 0.149038
0 0.966346 0.59375 0.0528846 0.153846
0 0.629808 0.604567 0.0480769 0.141827
10 0.403846 0.759615 0.0721154 0.129808
