9 0.427885 0.457933 0.00961538 0.0120192
0 0.0228365 0.549279 0.03125 0.0552885
9 0.200721 0.484375 0.0168269 0.0168269
0 0.94351 0.53726 0.0264423 0.0889423
9 0.341346 0.44351 0.0144231 0.0264423
2 0.640625 0.528846 0.0456731 0.0336538
2 0.451923 0.528846 0.0240385 0.0336538
2 0.657452 0.533654 0.0504808 0.0336538
9 0.950721 0.447115 0.0216346 0.0336538
0 0.981971 0.626202 0.0360577 0.15625
2 0.699519 0.540865 0.0817308 0.0432692
2 0.424279 0.539663 0.0600962 0.0504808
2 0.206731 0.584135 0.341346 0.105769
