0 0.0228365 0.550481 0.03125 0.0528846
2 0.567308 0.510817 0.0192308 0.0168269
0 0.359375 0.546875 0.0264423 0.0600962
2 0.605769 0.520433 0.0288462 0.0264423
9 0.484375 0.49399 0.0168269 0.0168269
0 0.263221 0.530048 0.0216346 0.0600962
2 0.592548 0.516827 0.0264423 0.0240385
2 0.581731 0.515625 0.0240385 0.0216346
2 0.451923 0.528846 0.0240385 0.0336538
9 0.342548 0.444712 0.0168269 0.0288462
2 0.634615 0.527644 0.0432692 0.03125
0 0.153846 0.539663 0.0288462 0.0793269
2 0.65625 0.533654 0.0480769 0.0336538
2 0.698317 0.542067 0.0697115 0.0456731
2 0.424279 0.539663 0.0600962 0.0504808
5 0.945913 0.522837 0.108173 0.189904
