0 0.223558 0.540865 0.0192308 0.0721154
0 0.0216346 0.551683 0.0336538 0.0504808
2 0.604567 0.522837 0.0360577 0.03125
0 0.277644 0.532452 0.0216346 0.0745192
0 0.3125 0.520433 0.0144231 0.0360577
9 0.342548 0.442308 0.0168269 0.0240385
0 0.257212 0.521635 0.0240385 0.0817308
2 0.639423 0.528846 0.0480769 0.0336538
2 0.65625 0.533654 0.0528846 0.0336538
0 0.152644 0.534856 0.03125 0.0889423
9 0.950721 0.445913 0.0216346 0.0360577
2 0.697115 0.540865 0.0817308 0.0432692
2 0.426683 0.527644 0.0600962 0.0264423
0 0.936298 0.622596 0.0841346 0.168269
2 0.479567 0.586538 0.334135 0.105769
