2 0.604567 0.520433 0.03125 0.03125
0 0.223558 0.542067 0.0192308 0.0697115
9 0.199519 0.483173 0.0144231 0.0192308
2 0.592548 0.516827 0.03125 0.0240385
2 0.567308 0.510817 0.0240385 0.0168269
0 0.0216346 0.549279 0.0336538 0.0552885
2 0.582933 0.513221 0.0216346 0.0216346
9 0.340144 0.44351 0.0168269 0.0264423
2 0.421875 0.520433 0.0504808 0.0168269
2 0.639423 0.528846 0.0480769 0.0336538
2 0.657452 0.533654 0.0504808 0.0336538
0 0.155048 0.536058 0.03125 0.0817308
2 0.698317 0.540865 0.0793269 0.0480769
0 0.942308 0.532452 0.0288462 0.0985577
9 0.949519 0.444712 0.0240385 0.0384615
0 0.304087 0.616587 0.0649038 0.15625
2 0.496394 0.580529 0.295673 0.108173
