9 0.418269 0.456731 0.00961538 0.0144231
0 0.984375 0.582933 0.03125 0.09375
2 0.4375 0.528846 0.0480769 0.0384615
2 0.566106 0.510817 0.0216346 0.0168269
77 0.664663 0.597356 0.0552885 0.0552885
2 0.581731 0.515625 0.0240385 0.0216346
0 0.219952 0.539663 0.0216346 0.0793269
2 0.451923 0.527644 0.0240385 0.0360577
0 0.295673 0.53726 0.0240385 0.0841346
2 0.635817 0.527644 0.0408654 0.03125
2 0.695913 0.539663 0.0745192 0.0408654
0 0.942308 0.536058 0.0288462 0.0865385
2 0.655048 0.532452 0.0552885 0.0360577
9 0.949519 0.445913 0.0192308 0.0360577
0 0.100962 0.596154 0.0528846 0.149038
1 0.96875 0.623798 0.0625 0.0793269
2 0.426683 0.538462 0.0600962 0.0480769
0 0.66226 0.663462 0.103365 0.1875
