77 0.519231 0.544471 0.0432692 0.0456731
2 0.423077 0.514423 0.100962 0.0432692
0 0.361779 0.580529 0.0408654 0.146635
1 0.627404 0.596154 0.0673077 0.144231
7 0.709135 0.491587 0.129808 0.0841346
0 0.633413 0.584135 0.0841346 0.0865385
0 0.897837 0.539663 0.03125 0.0456731
9 0.674279 0.207933 0.0408654 0.0600962
1 0.635817 0.580529 0.0889423 0.0649038
26 0.649038 0.635817 0.0288462 0.0408654
0 0.63101 0.605769 0.0408654 0.139423
0 0.331731 0.590144 0.0480769 0.165865
12 0.169471 0.649038 0.0456731 0.115385
0 0.514423 0.608173 0.0528846 0.163462
10 0.40625 0.759615 0.0721154 0.129808
