77 0.467548 0.5625 0.03125 0.0480769
24 0.793269 0.554087 0.0673077 0.108173
0 0.899038 0.540865 0.0288462 0.0480769
24 0.765625 0.528846 0.0408654 0.0384615
77 0.487981 0.560096 0.0240385 0.0480769
0 0.798077 0.58774 0.115385 0.0889423
77 0.519231 0.542067 0.0432692 0.0456731
7 0.711538 0.487981 0.125 0.0769231
0 0.396635 0.586538 0.0576923 0.139423
26 0.649038 0.635817 0.0288462 0.0408654
12 0.169471 0.646635 0.0456731 0.105769
0 0.519231 0.606971 0.0432692 0.170673
0 0.794471 0.554087 0.0649038 0.112981
0 0.629808 0.602163 0.0480769 0.146635
0 0.475962 0.625 0.0865385 0.173077
1 0.800481 0.590144 0.120192 0.0841346
10 0.403846 0.759615 0.0721154 0.129808
