9 0.223558 0.5 0.0144231 0.0192308
2 0.584135 0.518029 0.0240385 0.0216346
9 0.260817 0.483173 0.0120192 0.0192308
0 0.0216346 0.548077 0.0336538 0.0576923
0 0.223558 0.544471 0.0192308 0.0649038
0 0.322115 0.540865 0.0240385 0.0721154
9 0.341346 0.444712 0.0144231 0.0240385
9 0.199519 0.483173 0.0144231 0.0192308
2 0.634615 0.527644 0.0432692 0.03125
0 0.942308 0.538462 0.0288462 0.0865385
2 0.451923 0.527644 0.0240385 0.0360577
0 0.262019 0.528846 0.0240385 0.0673077
0 0.520433 0.53726 0.03125 0.0600962
2 0.657452 0.533654 0.0504808 0.0336538
9 0.950721 0.445913 0.0216346 0.0360577
0 0.153846 0.545673 0.0288462 0.0673077
2 0.699519 0.540865 0.0769231 0.0432692
2 0.424279 0.539663 0.0600962 0.0504808
