0 0.0216346 0.551683 0.0288462 0.0504808
0 0.846154 0.542067 0.0336538 0.0552885
0 0.274038 0.53125 0.0240385 0.0721154
9 0.429087 0.456731 0.0120192 0.0144231
9 0.584135 0.486779 0.0144231 0.0120192
9 0.342548 0.44351 0.0168269 0.0264423
0 0.3125 0.521635 0.0144231 0.0384615
2 0.640625 0.528846 0.0408654 0.0288462
0 0.258413 0.527644 0.0216346 0.0745192
2 0.65625 0.533654 0.0480769 0.0336538
0 0.152644 0.53726 0.03125 0.0841346
9 0.950721 0.445913 0.0216346 0.0360577
2 0.697115 0.540865 0.0817308 0.0432692
0 0.223558 0.536058 0.0240385 0.0817308
2 0.426683 0.532452 0.0552885 0.0360577
0 0.925481 0.623798 0.0625 0.165865
2 0.536058 0.585337 0.326923 0.108173
