9 0.340144 0.442308 0.0168269 0.0240385
2 0.466346 0.509615 0.0288462 0.0336538
77 0.0408654 0.625 0.0240385 0.0576923
2 0.566106 0.510817 0.0216346 0.0168269
2 0.581731 0.515625 0.0240385 0.0216346
0 0.293269 0.539663 0.0240385 0.0745192
2 0.451923 0.526442 0.0240385 0.0336538
0 0.22476 0.544471 0.0216346 0.0600962
0 0.0985577 0.608173 0.0528846 0.153846
77 0.0600962 0.625 0.0576923 0.0625
0 0.915865 0.538462 0.0240385 0.0625
0 0.94351 0.536058 0.0264423 0.0913462
2 0.634615 0.528846 0.0432692 0.0336538
2 0.658654 0.533654 0.0528846 0.0336538
0 0.0540865 0.665865 0.108173 0.274038
2 0.699519 0.540865 0.0769231 0.0432692
0 0.379808 0.580529 0.0721154 0.117788
0 0.145433 0.542067 0.0264423 0.0745192
9 0.950721 0.445913 0.0216346 0.0360577
2 0.425481 0.539663 0.0576923 0.0504808
1 0.383413 0.617788 0.151442 0.0961538
