2 0.465144 0.509615 0.0264423 0.0336538
2 0.629808 0.528846 0.0625 0.0288462
0 0.225962 0.548077 0.0192308 0.0528846
2 0.584135 0.515625 0.0240385 0.0216346
0 0.941106 0.544471 0.0264423 0.0745192
0 0.0216346 0.548077 0.0336538 0.0576923
2 0.65625 0.53125 0.0673077 0.0336538
9 0.341346 0.44351 0.0144231 0.0264423
2 0.451923 0.528846 0.0240385 0.0336538
0 0.153846 0.534856 0.0288462 0.0889423
9 0.949519 0.445913 0.0192308 0.0360577
0 0.610577 0.621394 0.0480769 0.165865
2 0.424279 0.539663 0.0600962 0.0504808
