9 0.945913 0.491587 0.0168269 0.0216346
2 0.591346 0.518029 0.0288462 0.0216346
24 0.795673 0.580529 0.0817308 0.112981
2 0.566106 0.510817 0.0216346 0.0168269
0 0.294471 0.536058 0.0216346 0.0865385
2 0.451923 0.526442 0.0240385 0.0336538
2 0.581731 0.515625 0.0240385 0.0216346
9 0.199519 0.483173 0.0144231 0.0192308
0 0.223558 0.544471 0.0240385 0.0649038
24 0.770433 0.55649 0.03125 0.0360577
2 0.639423 0.528846 0.0480769 0.0336538
2 0.658654 0.533654 0.0528846 0.0336538
0 0.971154 0.540865 0.0288462 0.0673077
0 0.942308 0.540865 0.0288462 0.0817308
0 0.125 0.545673 0.0288462 0.0721154
9 0.949519 0.445913 0.0240385 0.0360577
2 0.698317 0.542067 0.0745192 0.0456731
0 0.481971 0.665865 0.0889423 0.211538
0 0.798077 0.584135 0.0817308 0.115385
2 0.424279 0.539663 0.0600962 0.0504808
0 0.0805288 0.604567 0.0552885 0.141827
1 0.796875 0.621394 0.137019 0.0841346
