9 0.213942 0.489183 0.0192308 0.0168269
2 0.572115 0.518029 0.0288462 0.0216346
9 0.918269 0.491587 0.0144231 0.0168269
0 0.975962 0.549279 0.0240385 0.0600962
9 0.360577 0.453125 0.0144231 0.0168269
2 0.579327 0.521635 0.0240385 0.0240385
9 0.829327 0.487981 0.0144231 0.0192308
2 0.449519 0.52524 0.0240385 0.03125
0 0.103365 0.554087 0.0240385 0.0504808
9 0.852163 0.455529 0.0168269 0.0264423
0 0.549279 0.53125 0.0216346 0.0625
2 0.617788 0.526442 0.0432692 0.0288462
0 0.0108173 0.572115 0.0216346 0.105769
0 0.300481 0.53125 0.0240385 0.0480769
2 0.658654 0.536058 0.0625 0.0384615
0 0.213942 0.53726 0.0192308 0.0552885
2 0.426683 0.534856 0.0504808 0.0456731
2 0.0685096 0.729567 0.137019 0.204327
2 0.889423 0.703125 0.221154 0.257212
