2 0.591346 0.515625 0.0288462 0.0216346
2 0.566106 0.510817 0.0216346 0.0168269
9 0.340144 0.442308 0.0168269 0.0240385
2 0.582933 0.513221 0.0264423 0.0216346
0 0.0228365 0.548077 0.03125 0.0576923
2 0.635817 0.527644 0.0456731 0.03125
0 0.22476 0.543269 0.0216346 0.0673077
2 0.427885 0.52524 0.0576923 0.0264423
2 0.65625 0.53125 0.0576923 0.0336538
0 0.153846 0.542067 0.0288462 0.0697115
2 0.694712 0.539663 0.0865385 0.0456731
9 0.949519 0.445913 0.0240385 0.0360577
0 0.94351 0.532452 0.03125 0.0985577
0 0.293269 0.617788 0.0817308 0.149038
2 0.540865 0.580529 0.298077 0.108173
