0 0.942308 0.548077 0.0240385 0.0673077
2 0.858173 0.615385 0.0913462 0.163462
9 0.199519 0.483173 0.0144231 0.0192308
0 0.223558 0.548077 0.0192308 0.0576923
9 0.341346 0.454327 0.0192308 0.0480769
2 0.6875 0.53726 0.0865385 0.0360577
2 0.658654 0.533654 0.0528846 0.0336538
2 0.451923 0.527644 0.0240385 0.0360577
2 0.637019 0.528846 0.0384615 0.0288462
9 0.950721 0.445913 0.0216346 0.0360577
0 0.153846 0.53726 0.0288462 0.0841346
2 0.424279 0.539663 0.0600962 0.0504808
0 0.856971 0.617788 0.0793269 0.173077
2 0.81851 0.588942 0.329327 0.105769
