0 0.951923 0.533654 0.0240385 0.0865385
0 0.538462 0.532452 0.0192308 0.0360577
2 0.0817308 0.551683 0.0288462 0.0456731
9 0.382212 0.444712 0.0192308 0.0288462
2 0.487981 0.524038 0.0240385 0.0336538
0 0.31851 0.526442 0.0168269 0.0480769
0 0.350962 0.528846 0.0144231 0.0480769
0 0.207933 0.53125 0.0264423 0.0865385
2 0.682692 0.53125 0.0576923 0.0336538
0 0.296875 0.53125 0.0264423 0.0576923
9 0.971154 0.444712 0.0240385 0.0384615
2 0.460337 0.536058 0.0649038 0.0528846
5 0.0396635 0.515625 0.0793269 0.185096
2 0.725962 0.538462 0.0817308 0.0432692
0 0.971154 0.536058 0.0240385 0.0865385
