2 0.566106 0.512019 0.0216346 0.0192308
9 0.199519 0.483173 0.0144231 0.0192308
2 0.591346 0.518029 0.0240385 0.0216346
2 0.581731 0.515625 0.0240385 0.0216346
0 0.223558 0.543269 0.0192308 0.0721154
9 0.341346 0.44351 0.0144231 0.0264423
2 0.451923 0.527644 0.0240385 0.0360577
0 0.307692 0.540865 0.0240385 0.0625
2 0.637019 0.527644 0.0432692 0.03125
0 0.538462 0.538462 0.0240385 0.0528846
0 0.258413 0.527644 0.0216346 0.0697115
2 0.657452 0.533654 0.0504808 0.0336538
9 0.950721 0.445913 0.0216346 0.0360577
2 0.698317 0.539663 0.0793269 0.0456731
2 0.425481 0.539663 0.0576923 0.0504808
2 0.106971 0.582933 0.213942 0.108173
