2 0.591346 0.515625 0.0240385 0.0216346
2 0.465144 0.510817 0.0264423 0.03125
9 0.340144 0.44351 0.0168269 0.0264423
2 0.582933 0.514423 0.0216346 0.0192308
0 0.323317 0.536058 0.0168269 0.0432692
0 0.22476 0.542067 0.0216346 0.0697115
9 0.948317 0.483173 0.0168269 0.0240385
9 0.950721 0.445913 0.0216346 0.0360577
2 0.451923 0.526442 0.0240385 0.0336538
0 0.292067 0.544471 0.0264423 0.0649038
2 0.634615 0.528846 0.0432692 0.0336538
2 0.657452 0.533654 0.0504808 0.0336538
2 0.699519 0.540865 0.0769231 0.0432692
0 0.188702 0.616587 0.0504808 0.15625
1 0.0204327 0.626202 0.0408654 0.0552885
2 0.423077 0.539663 0.0625 0.0504808
2 0.885817 0.585337 0.228365 0.108173
