2 0.465144 0.508413 0.03125 0.0360577
0 0.22476 0.540865 0.0216346 0.0721154
0 0.0240385 0.552885 0.0288462 0.0480769
9 0.199519 0.483173 0.0144231 0.0192308
2 0.454327 0.52524 0.0240385 0.03125
9 0.838942 0.490385 0.0144231 0.0192308
0 0.25601 0.521635 0.0216346 0.0817308
0 0.574519 0.542067 0.0240385 0.0504808
9 0.341346 0.444712 0.0144231 0.0240385
0 0.153846 0.538462 0.0288462 0.0817308
9 0.949519 0.445913 0.0240385 0.0360577
2 0.65625 0.533654 0.0480769 0.0336538
2 0.635817 0.528846 0.0456731 0.0336538
2 0.426683 0.527644 0.0552885 0.0264423
2 0.698317 0.542067 0.0793269 0.0456731
0 0.944712 0.621394 0.0865385 0.161058
2 0.425481 0.586538 0.326923 0.105769
