7 0.711538 0.486779 0.125 0.0745192
77 0.520433 0.543269 0.0456731 0.0480769
77 0.567308 0.566106 0.0528846 0.0552885
24 0.856971 0.533654 0.03125 0.0288462
26 0.649038 0.634615 0.0288462 0.0384615
12 0.169471 0.649038 0.0456731 0.115385
0 0.513221 0.605769 0.0504808 0.163462
0 0.425481 0.584135 0.0769231 0.144231
0 0.629808 0.604567 0.0480769 0.141827
0 0.894231 0.561298 0.0673077 0.122596
1 0.896635 0.59976 0.134615 0.0889423
10 0.402644 0.759615 0.0745192 0.129808
0 0.566106 0.629808 0.103365 0.182692
