0 0.22476 0.540865 0.0216346 0.0673077
2 0.646635 0.527644 0.0576923 0.0264423
2 0.566106 0.510817 0.0216346 0.0168269
2 0.581731 0.515625 0.0240385 0.0216346
9 0.198317 0.485577 0.0168269 0.0240385
2 0.465144 0.510817 0.0264423 0.03125
0 0.942308 0.544471 0.0288462 0.0745192
0 0.153846 0.536058 0.0288462 0.0865385
2 0.680288 0.539663 0.110577 0.0456731
2 0.451923 0.527644 0.0240385 0.0360577
9 0.341346 0.445913 0.0144231 0.0264423
9 0.949519 0.445913 0.0240385 0.0360577
2 0.424279 0.539663 0.0600962 0.0504808
0 0.646635 0.61899 0.0865385 0.161058
