0 0.253606 0.538462 0.0216346 0.0625
2 0.569712 0.512019 0.0240385 0.0192308
9 0.329327 0.477163 0.0144231 0.03125
2 0.582933 0.516827 0.0264423 0.0240385
0 0.22476 0.540865 0.0216346 0.0721154
9 0.340144 0.44351 0.0168269 0.0264423
2 0.450721 0.527644 0.0264423 0.0360577
2 0.635817 0.528846 0.0408654 0.0336538
0 0.942308 0.533654 0.0288462 0.0961538
0 0.153846 0.540865 0.0288462 0.0769231
2 0.657452 0.533654 0.0552885 0.0336538
2 0.698317 0.542067 0.0793269 0.0456731
9 0.949519 0.445913 0.0240385 0.0360577
0 0.524038 0.620192 0.0625 0.153846
2 0.424279 0.539663 0.0600962 0.0504808
