2 0.442308 0.532452 0.0336538 0.0408654
2 0.570913 0.512019 0.0216346 0.0192308
2 0.591346 0.516827 0.0288462 0.0192308
2 0.582933 0.515625 0.0216346 0.0216346
0 0.0228365 0.546875 0.03125 0.0600962
0 0.262019 0.527644 0.0192308 0.0649038
2 0.450721 0.530048 0.0216346 0.0360577
9 0.342548 0.444712 0.0168269 0.0288462
2 0.640625 0.530048 0.0456731 0.03125
0 0.472356 0.534856 0.0264423 0.0649038
2 0.65625 0.533654 0.0480769 0.0336538
0 0.22476 0.53726 0.0216346 0.0793269
2 0.694712 0.540865 0.0673077 0.0432692
0 0.153846 0.536058 0.0288462 0.0865385
2 0.425481 0.539663 0.0625 0.0504808
5 0.919471 0.52524 0.161058 0.199519
