2 0.628606 0.510817 0.0264423 0.0168269
2 0.608173 0.508413 0.0192308 0.0168269
9 0.397837 0.444712 0.0216346 0.0288462
9 0.473558 0.487981 0.0192308 0.0192308
2 0.715144 0.532452 0.0745192 0.0408654
2 0.564904 0.5 0.0192308 0.0144231
9 0.980769 0.44351 0.0336538 0.0408654
2 0.510817 0.503606 0.0264423 0.0360577
2 0.695913 0.526442 0.0408654 0.0336538
0 0.97476 0.53125 0.0360577 0.0913462
0 0.225962 0.530048 0.0240385 0.0841346
0 0.532452 0.536058 0.0216346 0.0769231
2 0.473558 0.534856 0.0576923 0.0504808
2 0.737981 0.538462 0.0769231 0.0432692
