2 0.463942 0.509615 0.0288462 0.0336538
2 0.56851 0.510817 0.0216346 0.0168269
2 0.581731 0.514423 0.0192308 0.0192308
9 0.340144 0.44351 0.0168269 0.0264423
0 0.0228365 0.546875 0.03125 0.0600962
2 0.451923 0.526442 0.0240385 0.0336538
0 0.322115 0.536058 0.0144231 0.0432692
2 0.640625 0.530048 0.0456731 0.03125
0 0.94351 0.53726 0.0264423 0.0600962
2 0.65625 0.533654 0.0528846 0.0336538
2 0.69351 0.540865 0.0649038 0.0432692
0 0.153846 0.540865 0.0288462 0.0769231
0 0.289663 0.543269 0.0264423 0.0673077
9 0.949519 0.445913 0.0240385 0.0360577
2 0.424279 0.539663 0.0600962 0.0504808
0 0.221154 0.611779 0.0865385 0.165865
2 0.842548 0.584135 0.300481 0.105769
