0 0.0216346 0.548077 0.0336538 0.0576923
2 0.454327 0.530048 0.0192308 0.0408654
2 0.580529 0.512019 0.0216346 0.0192308
0 0.354567 0.592548 0.185096 0.137019
0 0.15625 0.545673 0.0288462 0.0673077
2 0.463942 0.508413 0.0288462 0.0360577
9 0.341346 0.442308 0.0144231 0.0240385
0 0.94351 0.536058 0.0264423 0.0913462
2 0.639423 0.528846 0.0480769 0.0336538
2 0.657452 0.533654 0.0504808 0.0336538
2 0.700721 0.539663 0.0745192 0.0456731
0 0.796875 0.524038 0.0216346 0.0865385
9 0.949519 0.445913 0.0240385 0.0360577
2 0.366587 0.578125 0.300481 0.112981
2 0.426683 0.533654 0.0600962 0.0384615
0 0.347356 0.614183 0.0745192 0.161058
