9 0.379808 0.472356 0.0144231 0.0168269
2 0.56851 0.510817 0.0216346 0.0168269
2 0.465144 0.510817 0.0264423 0.03125
0 0.294471 0.543269 0.0216346 0.0673077
2 0.453125 0.527644 0.0216346 0.03125
2 0.581731 0.514423 0.0192308 0.0192308
9 0.199519 0.483173 0.0144231 0.0192308
0 0.22476 0.546875 0.0168269 0.0552885
2 0.682692 0.540865 0.0625 0.0432692
2 0.638221 0.530048 0.0456731 0.03125
2 0.655048 0.533654 0.0504808 0.0336538
77 0.40625 0.608173 0.0576923 0.0576923
0 0.942308 0.540865 0.0288462 0.0817308
0 0.129808 0.545673 0.0288462 0.0673077
9 0.950721 0.444712 0.0216346 0.0336538
2 0.425481 0.53726 0.0576923 0.0456731
0 0.727163 0.578125 0.0745192 0.112981
0 0.0769231 0.608173 0.0576923 0.153846
1 0.727163 0.622596 0.141827 0.0865385
0 0.407452 0.674279 0.132212 0.199519
