2 0.41226 0.512019 0.0552885 0.0384615
0 0.115385 0.569712 0.0384615 0.0865385
0 0.908654 0.527644 0.0384615 0.0697115
77 0.522837 0.540865 0.0456731 0.0480769
9 0.673077 0.203125 0.0384615 0.0697115
7 0.710337 0.487981 0.127404 0.0769231
26 0.649038 0.634615 0.0288462 0.0384615
0 0.514423 0.604567 0.0576923 0.170673
77 0.538462 0.626202 0.0384615 0.0745192
12 0.169471 0.649038 0.0456731 0.115385
2 0.268029 0.508413 0.127404 0.0360577
77 0.567308 0.622596 0.0480769 0.0721154
0 0.629808 0.604567 0.0432692 0.141827
10 0.403846 0.759615 0.0721154 0.129808
