0 0.324519 0.533654 0.0144231 0.0528846
2 0.465144 0.509615 0.0264423 0.0336538
2 0.590144 0.519231 0.0264423 0.0240385
0 0.215144 0.550481 0.0216346 0.0528846
0 0.0216346 0.551683 0.0288462 0.0504808
2 0.567308 0.510817 0.0192308 0.0168269
9 0.340144 0.44351 0.0168269 0.0264423
2 0.581731 0.515625 0.0240385 0.0216346
2 0.451923 0.527644 0.0240385 0.0360577
0 0.294471 0.538462 0.0264423 0.0817308
2 0.638221 0.530048 0.0456731 0.03125
2 0.65625 0.533654 0.0480769 0.0336538
2 0.698317 0.540865 0.0745192 0.0432692
9 0.949519 0.447115 0.0192308 0.0336538
0 0.94351 0.536058 0.03125 0.0913462
2 0.424279 0.539663 0.0600962 0.0504808
0 0.108173 0.585337 0.0528846 0.137019
0 0.776442 0.659856 0.0769231 0.180288
