2 0.421875 0.545673 0.0408654 0.0480769
2 0.604567 0.522837 0.03125 0.03125
9 0.38101 0.472356 0.0120192 0.0168269
77 0.0829327 0.55649 0.0408654 0.0408654
24 0.423077 0.551683 0.0336538 0.0360577
2 0.569712 0.513221 0.0288462 0.0216346
0 0.924279 0.521635 0.0216346 0.0769231
0 0.223558 0.542067 0.0240385 0.0745192
2 0.582933 0.516827 0.0264423 0.0240385
77 0.134615 0.621394 0.0625 0.0649038
2 0.637019 0.528846 0.0480769 0.0336538
0 0.0829327 0.612981 0.0552885 0.163462
2 0.658654 0.533654 0.0528846 0.0336538
2 0.426683 0.530048 0.0552885 0.03125
0 0.293269 0.534856 0.0240385 0.0889423
0 0.94351 0.532452 0.03125 0.0985577
9 0.949519 0.445913 0.0240385 0.0360577
2 0.698317 0.540865 0.0745192 0.0432692
0 0.456731 0.590144 0.0769231 0.122596
0 0.134615 0.669471 0.129808 0.247596
1 0.46274 0.620192 0.151442 0.0913462
