0 0.293269 0.530048 0.0192308 0.0504808
0 0.00841346 0.573317 0.0168269 0.0985577
2 0.584135 0.515625 0.0240385 0.0216346
9 0.543269 0.486779 0.00961538 0.0168269
9 0.217548 0.489183 0.0168269 0.0168269
9 0.873798 0.485577 0.0216346 0.0144231
2 0.567308 0.509615 0.0192308 0.0144231
9 0.289663 0.479567 0.0120192 0.0168269
2 0.622596 0.52524 0.0336538 0.0264423
2 0.46875 0.509615 0.0288462 0.0336538
0 0.546875 0.534856 0.0168269 0.0456731
9 0.870192 0.453125 0.0192308 0.03125
2 0.634615 0.527644 0.0432692 0.03125
0 0.21875 0.53726 0.0240385 0.0552885
2 0.668269 0.534856 0.0576923 0.0360577
2 0.436298 0.533654 0.0504808 0.0432692
2 0.90625 0.707933 0.1875 0.252404
2 0.0600962 0.740385 0.120192 0.182692
