2 0.711538 0.53125 0.0432692 0.0288462
2 0.617788 0.508413 0.0240385 0.0168269
9 0.546875 0.486779 0.0168269 0.0168269
9 0.954327 0.487981 0.0192308 0.0192308
9 0.41226 0.457933 0.0216346 0.0408654
9 0.472356 0.487981 0.0168269 0.0192308
2 0.520433 0.50601 0.03125 0.0360577
2 0.729567 0.534856 0.0504808 0.0360577
2 0.680288 0.524038 0.0384615 0.0288462
0 0.546875 0.532452 0.0168269 0.0552885
0 0.950721 0.532452 0.0264423 0.0841346
0 0.257212 0.536058 0.0240385 0.0576923
2 0.69351 0.528846 0.0360577 0.0288462
9 0.953125 0.449519 0.0168269 0.0336538
2 0.486779 0.534856 0.0552885 0.0504808
