2 0.424279 0.513221 0.0889423 0.0456731
77 0.515625 0.603365 0.0504808 0.168269
0 0.896635 0.540865 0.0288462 0.0432692
0 0.929087 0.516827 0.0216346 0.0528846
7 0.711538 0.487981 0.125 0.0769231
9 0.675481 0.203125 0.0384615 0.0697115
77 0.519231 0.545673 0.0432692 0.0480769
77 0.555288 0.627404 0.0528846 0.0817308
77 0.58774 0.622596 0.0408654 0.0769231
26 0.647837 0.634615 0.03125 0.0384615
2 0.239183 0.509615 0.122596 0.0384615
0 0.106971 0.554087 0.0456731 0.112981
12 0.168269 0.649038 0.0432692 0.110577
0 0.514423 0.605769 0.0528846 0.168269
0 0.627404 0.604567 0.0432692 0.141827
10 0.403846 0.759615 0.0721154 0.129808
