0 0.0240385 0.552885 0.0288462 0.0480769
2 0.465144 0.508413 0.0264423 0.0360577
9 0.340144 0.44351 0.0168269 0.0264423
2 0.451923 0.527644 0.0240385 0.0360577
0 0.286058 0.544471 0.0192308 0.0600962
0 0.840144 0.542067 0.0264423 0.0600962
0 0.320913 0.536058 0.0168269 0.0432692
0 0.152644 0.532452 0.03125 0.09375
0 0.942308 0.533654 0.0288462 0.0961538
9 0.949519 0.444712 0.0240385 0.0384615
2 0.424279 0.539663 0.0600962 0.0504808
0 0.24399 0.609375 0.0552885 0.170673
2 0.710337 0.581731 0.300481 0.110577
