0 0.467548 0.543269 0.0264423 0.0625
2 0.566106 0.510817 0.0216346 0.0168269
0 0.0228365 0.549279 0.03125 0.0552885
9 0.341346 0.444712 0.0192308 0.0240385
2 0.581731 0.515625 0.0240385 0.0216346
2 0.694712 0.540865 0.0673077 0.0432692
0 0.22476 0.542067 0.0216346 0.0697115
2 0.635817 0.527644 0.0408654 0.03125
2 0.657452 0.533654 0.0504808 0.0336538
0 0.263221 0.527644 0.0216346 0.0600962
0 0.153846 0.536058 0.0288462 0.0865385
2 0.424279 0.540865 0.0600962 0.0528846
5 0.893029 0.526442 0.213942 0.206731
