2 0.317308 0.489183 0.0721154 0.0552885
2 0.460337 0.514423 0.108173 0.0336538
77 0.344952 0.622596 0.0408654 0.0769231
2 0.515625 0.604567 0.0552885 0.170673
7 0.71274 0.486779 0.122596 0.0745192
2 0.490385 0.548077 0.206731 0.0961538
2 0.566106 0.549279 0.0600962 0.0600962
9 0.673077 0.206731 0.0432692 0.0625
26 0.649038 0.635817 0.0288462 0.0360577
77 0.322115 0.61899 0.0865385 0.0841346
0 0.514423 0.604567 0.0528846 0.170673
0 0.628606 0.603365 0.0456731 0.144231
0 0.015625 0.538462 0.03125 0.120192
10 0.403846 0.759615 0.0721154 0.129808
