0 0.22476 0.543269 0.0216346 0.0673077
2 0.463942 0.509615 0.0288462 0.0336538
2 0.592548 0.518029 0.0264423 0.0216346
9 0.341346 0.444712 0.0192308 0.0288462
2 0.567308 0.510817 0.0192308 0.0168269
0 0.15625 0.612981 0.0625 0.153846
2 0.582933 0.515625 0.0216346 0.0216346
9 0.199519 0.483173 0.0144231 0.0192308
9 0.883413 0.490385 0.0168269 0.0240385
0 0.294471 0.538462 0.0264423 0.0817308
2 0.451923 0.527644 0.0240385 0.0360577
77 0.151442 0.558894 0.0432692 0.0408654
2 0.637019 0.528846 0.0480769 0.0336538
0 0.942308 0.532452 0.0288462 0.09375
2 0.657452 0.533654 0.0504808 0.0336538
2 0.698317 0.540865 0.0793269 0.0432692
9 0.949519 0.445913 0.0192308 0.0360577
0 0.103365 0.582933 0.0576923 0.137019
1 0.117788 0.617788 0.149038 0.0865385
2 0.424279 0.539663 0.0600962 0.0504808
2 0.971154 0.582933 0.0576923 0.09375
