2 0.567308 0.510817 0.0192308 0.0168269
0 0.325721 0.532452 0.0168269 0.0504808
2 0.463942 0.508413 0.0288462 0.0360577
2 0.584135 0.515625 0.0240385 0.0216346
9 0.341346 0.44351 0.0144231 0.0264423
2 0.635817 0.527644 0.0408654 0.03125
2 0.657452 0.533654 0.0552885 0.0336538
0 0.942308 0.536058 0.0288462 0.0913462
2 0.699519 0.542067 0.0769231 0.0456731
2 0.429087 0.534856 0.0649038 0.0456731
0 0.260817 0.538462 0.0216346 0.0625
9 0.949519 0.445913 0.0192308 0.0360577
0 0.432692 0.617788 0.0913462 0.163462
2 0.120192 0.575721 0.240385 0.112981
