0 0.326923 0.53125 0.0192308 0.0528846
2 0.567308 0.510817 0.0192308 0.0168269
2 0.465144 0.509615 0.0264423 0.0336538
9 0.341346 0.44351 0.0192308 0.0264423
0 0.0228365 0.548077 0.03125 0.0576923
2 0.584135 0.518029 0.0240385 0.0216346
9 0.199519 0.483173 0.0144231 0.0192308
36 0.396635 0.694712 0.0240385 0.0144231
2 0.451923 0.527644 0.0240385 0.0360577
2 0.639423 0.530048 0.0480769 0.03125
0 0.942308 0.533654 0.0288462 0.0961538
2 0.65625 0.533654 0.0480769 0.0336538
9 0.950721 0.445913 0.0216346 0.0360577
2 0.698317 0.540865 0.0745192 0.0432692
2 0.427885 0.539663 0.0528846 0.0504808
0 0.390625 0.61899 0.0504808 0.165865
2 0.199519 0.576923 0.3125 0.110577
