2 0.582933 0.518029 0.0216346 0.0216346
9 0.947115 0.49399 0.0192308 0.0264423
9 0.254808 0.481971 0.0144231 0.0168269
9 0.199519 0.483173 0.0144231 0.0192308
0 0.549279 0.53726 0.0216346 0.0600962
0 0.942308 0.538462 0.0288462 0.0865385
9 0.342548 0.444712 0.0168269 0.0288462
2 0.451923 0.530048 0.0240385 0.0360577
2 0.640625 0.528846 0.0504808 0.0336538
2 0.655048 0.533654 0.0504808 0.0336538
0 0.983173 0.646635 0.0336538 0.0961538
0 0.258413 0.527644 0.0216346 0.0697115
9 0.950721 0.447115 0.0216346 0.0336538
2 0.697115 0.539663 0.0769231 0.0456731
2 0.424279 0.539663 0.0600962 0.0504808
2 0.163462 0.585337 0.326923 0.108173
