2 0.567308 0.510817 0.0192308 0.0168269
2 0.439904 0.527644 0.0432692 0.0360577
0 0.21875 0.545673 0.0192308 0.0625
2 0.582933 0.515625 0.0216346 0.0216346
0 0.133413 0.533654 0.0264423 0.0817308
0 0.295673 0.539663 0.0240385 0.0745192
2 0.451923 0.527644 0.0240385 0.0360577
2 0.640625 0.530048 0.0504808 0.03125
0 0.942308 0.540865 0.0288462 0.0817308
2 0.695913 0.540865 0.0745192 0.0432692
2 0.65625 0.533654 0.0480769 0.0336538
1 0.984375 0.63101 0.03125 0.0552885
9 0.949519 0.445913 0.0240385 0.0360577
0 0.698317 0.663462 0.0649038 0.1875
2 0.424279 0.539663 0.0600962 0.0504808
0 0.104567 0.592548 0.0504808 0.141827
