0 0.134615 0.53125 0.0240385 0.0769231
0 0.325721 0.533654 0.0168269 0.0528846
2 0.566106 0.510817 0.0216346 0.0168269
2 0.582933 0.515625 0.0216346 0.0216346
9 0.199519 0.483173 0.0144231 0.0192308
9 0.340144 0.44351 0.0168269 0.0264423
2 0.451923 0.528846 0.0240385 0.0384615
2 0.634615 0.528846 0.0432692 0.0336538
0 0.942308 0.538462 0.0288462 0.0865385
2 0.657452 0.533654 0.0504808 0.0336538
0 0.295673 0.540865 0.0240385 0.0769231
2 0.697115 0.540865 0.0721154 0.0432692
9 0.949519 0.445913 0.0240385 0.0360577
2 0.424279 0.539663 0.0600962 0.0504808
0 0.108173 0.58774 0.0528846 0.137019
0 0.75601 0.653846 0.108173 0.192308
