2 0.628606 0.524038 0.0360577 0.0336538
1 0.56851 0.558894 0.0360577 0.0360577
2 0.527644 0.502404 0.0216346 0.0144231
2 0.596154 0.515625 0.0288462 0.0216346
2 0.460337 0.52524 0.0264423 0.0360577
2 0.644231 0.526442 0.0432692 0.0336538
0 0.945913 0.528846 0.03125 0.0961538
2 0.473558 0.507212 0.0288462 0.0336538
0 0.569712 0.543269 0.0336538 0.0673077
2 0.659856 0.530048 0.0552885 0.0360577
9 0.951923 0.444712 0.0192308 0.0336538
2 0.704327 0.539663 0.0817308 0.0456731
2 0.432692 0.538462 0.0625 0.0528846
5 0.205529 0.520433 0.40625 0.228365
