0 0.55649 0.538462 0.0168269 0.0528846
0 0.310096 0.536058 0.0144231 0.0432692
2 0.444712 0.527644 0.0192308 0.0264423
9 0.847356 0.489183 0.0216346 0.0168269
9 0.841346 0.456731 0.0144231 0.0288462
2 0.615385 0.53125 0.0384615 0.0288462
0 0.320913 0.536058 0.0168269 0.0432692
2 0.651442 0.53726 0.0625 0.0360577
0 0.015625 0.575721 0.03125 0.0841346
0 0.215144 0.542067 0.0264423 0.0552885
0 0.957933 0.551683 0.03125 0.0504808
2 0.423077 0.53726 0.0528846 0.0456731
2 0.078125 0.722356 0.15625 0.213942
2 0.879808 0.701923 0.240385 0.264423
