2 0.463942 0.509615 0.0288462 0.0336538
2 0.56851 0.512019 0.0264423 0.0192308
2 0.643029 0.528846 0.0552885 0.0336538
2 0.582933 0.515625 0.0264423 0.0216346
0 0.0216346 0.549279 0.0288462 0.0552885
0 0.942308 0.538462 0.0288462 0.0865385
9 0.341346 0.44351 0.0144231 0.0264423
2 0.6875 0.539663 0.105769 0.0456731
2 0.451923 0.527644 0.0240385 0.0360577
0 0.152644 0.53125 0.03125 0.0961538
9 0.950721 0.445913 0.0216346 0.0360577
2 0.424279 0.539663 0.0600962 0.0504808
0 0.667067 0.626202 0.0793269 0.161058
