0 0.545673 0.532452 0.0192308 0.0360577
9 0.302885 0.484375 0.0144231 0.0264423
9 0.367788 0.444712 0.0240385 0.0240385
0 0.300481 0.53726 0.0240385 0.0504808
2 0.473558 0.52524 0.0240385 0.0360577
2 0.485577 0.508413 0.0288462 0.03125
2 0.655048 0.527644 0.0456731 0.03125
0 0.545673 0.544471 0.0240385 0.0649038
2 0.669471 0.530048 0.0408654 0.0360577
9 0.961538 0.444712 0.0240385 0.0336538
0 0.956731 0.530048 0.0336538 0.09375
2 0.449519 0.536058 0.0576923 0.0528846
2 0.716346 0.539663 0.0769231 0.0456731
5 0.108173 0.518029 0.211538 0.21875
