2 0.567308 0.510817 0.0192308 0.0168269
0 0.0228365 0.548077 0.03125 0.0576923
2 0.591346 0.518029 0.0288462 0.0216346
0 0.944712 0.533654 0.0288462 0.0961538
2 0.581731 0.515625 0.0240385 0.0216346
36 0.961538 0.727163 0.0336538 0.0264423
9 0.341346 0.44351 0.0144231 0.0264423
2 0.451923 0.527644 0.0240385 0.0360577
0 0.286058 0.53726 0.0288462 0.0841346
2 0.634615 0.527644 0.0432692 0.03125
2 0.658654 0.533654 0.0480769 0.0336538
9 0.950721 0.445913 0.0216346 0.0360577
2 0.700721 0.540865 0.0745192 0.0432692
0 0.0709135 0.542067 0.03125 0.09375
0 0.969952 0.647837 0.0600962 0.180288
0 0.122596 0.573317 0.0480769 0.132212
2 0.424279 0.539663 0.0600962 0.0504808
