0 0.0240385 0.555288 0.0240385 0.0432692
2 0.461538 0.495192 0.0288462 0.0192308
9 0.372596 0.475962 0.0144231 0.0144231
9 0.948317 0.490385 0.0168269 0.0192308
9 0.286058 0.495192 0.0144231 0.0192308
9 0.341346 0.441106 0.0192308 0.0264423
2 0.567308 0.512019 0.0240385 0.0192308
2 0.582933 0.514423 0.0264423 0.0240385
2 0.704327 0.540865 0.0576923 0.0384615
2 0.59375 0.516827 0.0336538 0.0288462
2 0.653846 0.53125 0.0528846 0.0336538
0 0.0793269 0.549279 0.0336538 0.0745192
2 0.637019 0.527644 0.0432692 0.0360577
9 0.948317 0.444712 0.0216346 0.0336538
0 0.289663 0.542067 0.0264423 0.0745192
0 0.929087 0.649038 0.0889423 0.182692
2 0.426683 0.539663 0.0649038 0.0504808
0 0.120192 0.579327 0.0480769 0.139423
