2 0.604567 0.521635 0.03125 0.0288462
0 0.0228365 0.548077 0.03125 0.0576923
77 0.0925481 0.621394 0.0552885 0.0697115
2 0.466346 0.509615 0.0288462 0.0336538
2 0.451923 0.526442 0.0240385 0.0336538
24 0.382212 0.551683 0.0336538 0.0408654
2 0.591346 0.516827 0.0288462 0.0240385
0 0.293269 0.542067 0.0240385 0.0697115
2 0.566106 0.510817 0.0216346 0.0168269
2 0.581731 0.515625 0.0240385 0.0216346
0 0.223558 0.540865 0.0240385 0.0721154
0 0.918269 0.528846 0.0288462 0.0865385
2 0.639423 0.528846 0.0480769 0.0336538
2 0.427885 0.534856 0.0576923 0.0456731
0 0.144231 0.544471 0.0288462 0.0745192
2 0.658654 0.533654 0.0528846 0.0336538
9 0.950721 0.445913 0.0216346 0.0360577
2 0.698317 0.540865 0.0745192 0.0432692
0 0.94351 0.532452 0.03125 0.0985577
0 0.0985577 0.665865 0.158654 0.254808
0 0.415865 0.582933 0.0721154 0.112981
1 0.421875 0.620192 0.15625 0.0865385
