9 0.200721 0.483173 0.0168269 0.0192308
2 0.439904 0.53125 0.0432692 0.0384615
2 0.590144 0.519231 0.0264423 0.0240385
0 0.155048 0.526442 0.0264423 0.0673077
9 0.341346 0.44351 0.0144231 0.0264423
0 0.566106 0.542067 0.0216346 0.0552885
2 0.637019 0.527644 0.0432692 0.03125
2 0.451923 0.528846 0.0240385 0.0384615
2 0.65625 0.533654 0.0480769 0.0336538
9 0.950721 0.445913 0.0216346 0.0360577
2 0.698317 0.540865 0.0793269 0.0432692
0 0.972356 0.623798 0.0456731 0.15625
2 0.425481 0.538462 0.0576923 0.0480769
2 0.314904 0.585337 0.336538 0.103365
