2 0.4375 0.528846 0.0480769 0.0336538
9 0.341346 0.442308 0.0144231 0.0240385
0 0.294471 0.538462 0.0216346 0.0769231
9 0.199519 0.483173 0.0144231 0.0192308
2 0.570913 0.512019 0.0264423 0.0192308
2 0.466346 0.509615 0.0288462 0.0336538
2 0.451923 0.526442 0.0240385 0.0336538
0 0.967548 0.542067 0.0264423 0.0649038
2 0.582933 0.516827 0.0264423 0.0240385
0 0.223558 0.545673 0.0192308 0.0625
2 0.637019 0.528846 0.0432692 0.0336538
2 0.658654 0.533654 0.0528846 0.0336538
0 0.127404 0.546875 0.0288462 0.0697115
2 0.694712 0.542067 0.0721154 0.0456731
16 0.441106 0.608173 0.0552885 0.0576923
0 0.942308 0.539663 0.0288462 0.0841346
9 0.949519 0.445913 0.0240385 0.0360577
0 0.0769231 0.604567 0.0528846 0.151442
2 0.425481 0.53726 0.0576923 0.0456731
0 0.765625 0.579327 0.0793269 0.120192
0 0.4375 0.66226 0.0865385 0.21875
1 0.763221 0.621394 0.141827 0.0889423
