9 0.961538 0.492788 0.0192308 0.0192308
9 0.322115 0.479567 0.0144231 0.0216346
0 0.367788 0.533654 0.0192308 0.0480769
9 0.286058 0.479567 0.0192308 0.0168269
2 0.405048 0.536058 0.0216346 0.0288462
0 0.00721154 0.580529 0.0144231 0.09375
9 0.890625 0.454327 0.0168269 0.0288462
9 0.391827 0.489183 0.0144231 0.0168269
2 0.0841346 0.543269 0.0913462 0.0432692
2 0.686298 0.533654 0.0600962 0.0336538
9 0.377404 0.450721 0.0144231 0.0216346
0 0.893029 0.528846 0.0216346 0.0721154
2 0.483173 0.5 0.0288462 0.0192308
9 0.198317 0.483173 0.0120192 0.0192308
2 0.647837 0.526442 0.0408654 0.0288462
0 0.228365 0.534856 0.0240385 0.0600962
2 0.449519 0.532452 0.0576923 0.0456731
2 0.0540865 0.751202 0.108173 0.15625
2 0.930288 0.717548 0.139423 0.21875
