2 0.567308 0.510817 0.0192308 0.0168269
2 0.591346 0.519231 0.0288462 0.0240385
9 0.341346 0.44351 0.0144231 0.0216346
0 0.324519 0.539663 0.0144231 0.0408654
9 0.794471 0.486779 0.0120192 0.0168269
2 0.635817 0.52524 0.0408654 0.0264423
2 0.581731 0.515625 0.0240385 0.0216346
9 0.418269 0.454327 0.00961538 0.0144231
0 0.11899 0.550481 0.0264423 0.0865385
2 0.451923 0.526442 0.0240385 0.0336538
16 0.606971 0.600962 0.0552885 0.0576923
0 0.294471 0.544471 0.0216346 0.0649038
0 0.223558 0.550481 0.0192308 0.0576923
2 0.65625 0.530048 0.0625 0.03125
2 0.698317 0.540865 0.0793269 0.0432692
9 0.949519 0.445913 0.0192308 0.0360577
0 0.9375 0.582933 0.0817308 0.117788
0 0.0949519 0.596154 0.0552885 0.144231
2 0.426683 0.538462 0.0600962 0.0480769
1 0.932692 0.620192 0.125 0.0865385
0 0.608173 0.668269 0.0913462 0.192308
