0 0.805288 0.532452 0.0240385 0.0745192
2 0.461538 0.495192 0.0288462 0.0192308
0 0.0204327 0.551683 0.0360577 0.0552885
2 0.664663 0.532452 0.0504808 0.03125
2 0.567308 0.512019 0.0288462 0.0192308
9 0.341346 0.441106 0.0192308 0.0264423
2 0.59375 0.516827 0.0384615 0.0288462
2 0.695913 0.539663 0.0793269 0.0408654
0 0.225962 0.542067 0.0240385 0.0697115
2 0.644231 0.528846 0.0576923 0.0384615
9 0.949519 0.444712 0.0240385 0.0336538
0 0.94351 0.532452 0.03125 0.103365
0 0.155048 0.543269 0.03125 0.0721154
0 0.316106 0.616587 0.0552885 0.161058
2 0.465144 0.579327 0.28125 0.110577
