2 0.425481 0.53726 0.0625 0.0552885 
0 0.502404 0.617788 0.0961538 0.163462 
2 0.0264423 0.569712 0.0528846 0.100962 
9 0.949519 0.445913 0.0240385 0.0360577 
0 0.25601 0.538462 0.0216346 0.0625 
2 0.699519 0.540865 0.0769231 0.0432692 
0 0.153846 0.544471 0.0288462 0.0697115 
2 0.655048 0.532452 0.0552885 0.0360577 
2 0.594952 0.519231 0.0360577 0.0288462 
2 0.634615 0.527644 0.0432692 0.03125 
9 0.342548 0.442308 0.0168269 0.0288462 
9 0.796875 0.479567 0.0168269 0.0408654 
2 0.584135 0.516827 0.0336538 0.0240385 
0 0.942308 0.532452 0.0288462 0.09375 
