2 0.460337 0.509615 0.0360577 0.0384615
9 0.295673 0.491587 0.0144231 0.0168269
9 0.223558 0.496394 0.0144231 0.0168269
9 0.326923 0.485577 0.0144231 0.0144231
2 0.461538 0.495192 0.0288462 0.0192308
0 0.22476 0.538462 0.0216346 0.0865385
9 0.341346 0.439904 0.0192308 0.0240385
2 0.566106 0.512019 0.0264423 0.0192308
9 0.379808 0.473558 0.00961538 0.0144231
9 0.199519 0.481971 0.0144231 0.0216346
2 0.65625 0.53125 0.0673077 0.0384615
0 0.611779 0.581731 0.0793269 0.129808
0 0.942308 0.536058 0.0336538 0.0913462
9 0.949519 0.445913 0.0240385 0.0360577
0 0.138221 0.540865 0.03125 0.0769231
0 0.292067 0.677885 0.0841346 0.201923
0 0.0769231 0.610577 0.0576923 0.163462
2 0.426683 0.539663 0.0649038 0.0504808
1 0.615385 0.61899 0.149038 0.0985577
