2 0.566106 0.510817 0.0216346 0.0168269
2 0.591346 0.518029 0.0288462 0.0216346
2 0.581731 0.515625 0.0240385 0.0216346
9 0.340144 0.44351 0.0168269 0.0264423
0 0.942308 0.544471 0.0240385 0.0745192
2 0.451923 0.527644 0.0240385 0.0360577
2 0.659856 0.53726 0.0600962 0.0408654
0 0.152644 0.538462 0.03125 0.0817308
2 0.698317 0.540865 0.0793269 0.0432692
9 0.950721 0.447115 0.0216346 0.0336538
2 0.96875 0.590144 0.0625 0.0841346
2 0.424279 0.539663 0.0600962 0.0504808
0 0.78726 0.625 0.0697115 0.153846
