2 0.936298 0.408654 0.0456731 0.0625
2 0.748798 0.38101 0.0360577 0.0408654
2 0.876202 0.411058 0.03125 0.0480769
2 0.986779 0.415865 0.0264423 0.0817308
0 0.721154 0.390625 0.0192308 0.0600962
0 0.826923 0.418269 0.0432692 0.0769231
24 0.391827 0.435096 0.0384615 0.0721154
2 0.359375 0.658654 0.71875 0.134615
2 0.90625 0.409856 0.0384615 0.0504808
2 0.274038 0.689904 0.543269 0.0769231
2 0.959135 0.407452 0.0769231 0.0697115
2 0.758413 0.376202 0.0360577 0.0264423
0 0.740385 0.395433 0.0240385 0.0697115
0 0.41226 0.46274 0.0697115 0.185096
