9 0.975962 0.490385 0.0192308 0.0192308
9 0.465144 0.489183 0.0120192 0.0168269
9 0.665865 0.491587 0.0144231 0.0168269
9 0.391827 0.44351 0.0192308 0.0264423
2 0.507212 0.501202 0.0288462 0.03125
2 0.564904 0.501202 0.0288462 0.0168269
2 0.00961538 0.567308 0.0192308 0.0432692
2 0.620192 0.509615 0.0288462 0.0192308
0 0.0949519 0.549279 0.0216346 0.0456731
2 0.692308 0.526442 0.0480769 0.0336538
9 0.975962 0.444712 0.0192308 0.0336538
2 0.606971 0.509615 0.0264423 0.0192308
0 0.977163 0.534856 0.03125 0.0841346
0 0.301683 0.521635 0.0264423 0.0817308
2 0.731971 0.53726 0.0793269 0.0408654
0 0.534856 0.53125 0.0264423 0.0769231
0 0.21875 0.533654 0.0288462 0.0769231
2 0.469952 0.534856 0.0600962 0.0504808
