0 0.617788 0.540865 0.0192308 0.0528846
2 0.661058 0.534856 0.0528846 0.03125
36 0.841346 0.69351 0.0480769 0.0264423
9 0.341346 0.44351 0.0144231 0.0264423
0 0.944712 0.526442 0.0288462 0.0865385
2 0.451923 0.527644 0.0240385 0.0360577
2 0.643029 0.530048 0.0408654 0.03125
0 0.152644 0.533654 0.03125 0.0913462
9 0.950721 0.445913 0.0216346 0.0360577
2 0.697115 0.540865 0.0769231 0.0432692
2 0.856971 0.590144 0.286058 0.103365
0 0.841346 0.620192 0.0480769 0.163462
2 0.424279 0.539663 0.0600962 0.0504808
