2 0.694712 0.540865 0.0769231 0.0384615
9 0.710337 0.495192 0.0168269 0.0144231
2 0.59375 0.515625 0.0384615 0.0264423
2 0.582933 0.512019 0.03125 0.0240385
2 0.663462 0.53125 0.0480769 0.0288462
2 0.461538 0.495192 0.0240385 0.0192308
2 0.567308 0.509615 0.0240385 0.0192308
0 0.225962 0.533654 0.0240385 0.0865385
0 0.251202 0.528846 0.0264423 0.0817308
0 0.189904 0.527644 0.0240385 0.09375
9 0.328125 0.478365 0.0120192 0.0288462
9 0.341346 0.442308 0.0192308 0.0288462
0 0.942308 0.53726 0.0288462 0.0889423
2 0.644231 0.530048 0.0480769 0.0360577
9 0.949519 0.444712 0.0240385 0.0336538
0 0.155048 0.534856 0.03125 0.09375
2 0.426683 0.539663 0.0649038 0.0552885
0 0.576923 0.617788 0.0865385 0.163462
