9 0.375 0.467548 0.00961538 0.0120192
2 0.503606 0.504808 0.0264423 0.0192308
9 0.0252404 0.472356 0.0120192 0.0168269
2 0.461538 0.495192 0.0240385 0.0192308
0 0.0204327 0.538462 0.0360577 0.0817308
2 0.707933 0.539663 0.0600962 0.0360577
2 0.582933 0.512019 0.0264423 0.0192308
2 0.667067 0.528846 0.0456731 0.0240385
9 0.341346 0.44351 0.0144231 0.0264423
9 0.640625 0.491587 0.0120192 0.0168269
2 0.566106 0.510817 0.0216346 0.0168269
0 0.942308 0.540865 0.0240385 0.0817308
0 0.247596 0.524038 0.0336538 0.0913462
0 0.155048 0.539663 0.03125 0.0841346
9 0.949519 0.445913 0.0240385 0.0360577
0 0.770433 0.617788 0.0504808 0.163462
2 0.425481 0.539663 0.0625 0.0552885
