2 0.621394 0.52524 0.0552885 0.03125
9 0.825721 0.467548 0.0168269 0.0168269
2 0.560096 0.509615 0.0240385 0.0144231
9 0.293269 0.492788 0.0144231 0.0144231
9 0.341346 0.439904 0.0144231 0.0240385
2 0.655048 0.536058 0.0600962 0.0480769
2 0.603365 0.519231 0.0288462 0.0288462
9 0.378606 0.473558 0.0120192 0.0144231
2 0.46274 0.496394 0.0264423 0.0216346
2 0.567308 0.510817 0.0240385 0.0168269
77 0.375 0.609375 0.0625 0.0649038
2 0.592548 0.516827 0.03125 0.0240385
0 0.223558 0.53125 0.0240385 0.0913462
2 0.644231 0.526442 0.0528846 0.0288462
2 0.582933 0.514423 0.0264423 0.0240385
0 0.685096 0.584135 0.0865385 0.120192
9 0.949519 0.444712 0.0240385 0.0336538
0 0.944712 0.534856 0.0288462 0.09375
0 0.134615 0.539663 0.0336538 0.0841346
2 0.426683 0.539663 0.0649038 0.0552885
0 0.370192 0.676683 0.129808 0.204327
1 0.689904 0.620192 0.144231 0.0865385
0 0.0757212 0.606971 0.0552885 0.15625
