2 0.604567 0.521635 0.03125 0.0288462
2 0.456731 0.518029 0.0240385 0.03125
2 0.463942 0.509615 0.0288462 0.0336538
2 0.689904 0.600962 0.0625 0.144231
2 0.566106 0.510817 0.0216346 0.0168269
2 0.581731 0.515625 0.0240385 0.0216346
0 0.223558 0.544471 0.0240385 0.0697115
9 0.341346 0.44351 0.0144231 0.0264423
2 0.451923 0.527644 0.0240385 0.0360577
2 0.644231 0.532452 0.0480769 0.0360577
9 0.950721 0.445913 0.0216346 0.0360577
0 0.155048 0.532452 0.03125 0.09375
2 0.695913 0.539663 0.0745192 0.0408654
0 0.683894 0.621394 0.0504808 0.161058
2 0.424279 0.539663 0.0600962 0.0504808
