77 0.522837 0.544471 0.0456731 0.0504808
2 0.420673 0.514423 0.105769 0.0432692
77 0.566106 0.625 0.03125 0.0721154
0 0.905048 0.527644 0.0360577 0.0697115
9 0.673077 0.205529 0.0480769 0.0649038
7 0.711538 0.486779 0.125 0.0745192
0 0.515625 0.603365 0.0600962 0.163462
26 0.649038 0.634615 0.0288462 0.0384615
0 0.121394 0.566106 0.0456731 0.09375
77 0.548077 0.626202 0.0673077 0.0745192
0 0.628606 0.608173 0.0408654 0.134615
12 0.169471 0.649038 0.0456731 0.115385
2 0.283654 0.509615 0.129808 0.0384615
10 0.403846 0.759615 0.0721154 0.129808
