10 0.405048 0.759615 0.0745192 0.129808 
2 0.682692 0.558894 0.259615 0.09375 
12 0.169471 0.643029 0.0456731 0.103365 
0 0.513221 0.594952 0.0552885 0.189904 
0 0.63101 0.604567 0.0456731 0.137019 
2 0.03125 0.518029 0.0625 0.0745192 
26 0.65024 0.633413 0.0264423 0.0456731 
0 0.0372596 0.554087 0.0360577 0.0841346 
2 0.859375 0.53726 0.108173 0.0504808 
7 0.71274 0.486779 0.122596 0.0745192 
2 0.415865 0.513221 0.0913462 0.0408654 
9 0.679087 0.204327 0.03125 0.0625 
0 0.0348558 0.520433 0.0600962 0.0793269 
