9 0.348558 0.497596 0.0192308 0.0192308
2 0.628606 0.526442 0.0456731 0.0336538
0 0.0204327 0.550481 0.0360577 0.0576923
2 0.663462 0.532452 0.0480769 0.03125
2 0.461538 0.49399 0.0240385 0.0168269
2 0.567308 0.510817 0.0240385 0.0168269
9 0.30649 0.472356 0.0120192 0.0168269
2 0.584135 0.514423 0.0288462 0.0240385
9 0.341346 0.442308 0.0192308 0.0288462
0 0.490385 0.542067 0.0240385 0.0552885
2 0.594952 0.518029 0.0360577 0.0264423
0 0.262019 0.521635 0.0240385 0.0817308
2 0.701923 0.542067 0.0673077 0.0408654
2 0.644231 0.530048 0.0480769 0.0360577
0 0.94351 0.532452 0.03125 0.103365
0 0.22476 0.534856 0.0264423 0.0889423
9 0.949519 0.444712 0.0240385 0.0336538
0 0.15625 0.538462 0.0336538 0.0817308
2 0.426683 0.539663 0.0600962 0.0504808
