9 0.429087 0.454327 0.00721154 0.0144231
2 0.675481 0.536058 0.115385 0.0384615
9 0.264423 0.471154 0.00961538 0.0144231
2 0.625 0.52524 0.0528846 0.0360577
9 0.22476 0.472356 0.00721154 0.0120192
2 0.604567 0.524038 0.0264423 0.0288462
9 0.341346 0.442308 0.0192308 0.0288462
2 0.567308 0.512019 0.0240385 0.0192308
2 0.461538 0.496394 0.0288462 0.0216346
2 0.704327 0.539663 0.0625 0.0408654
2 0.664663 0.532452 0.0504808 0.03125
0 0.94351 0.536058 0.03125 0.0961538
9 0.198317 0.483173 0.0168269 0.0192308
2 0.584135 0.514423 0.0288462 0.0240385
2 0.59375 0.519231 0.0336538 0.0288462
2 0.643029 0.530048 0.0504808 0.0360577
9 0.949519 0.445913 0.0240385 0.0360577
2 0.429087 0.538462 0.0600962 0.0528846
0 0.377404 0.615385 0.0625 0.163462
2 0.228365 0.578125 0.288462 0.108173
