9 0.890625 0.467548 0.0120192 0.0168269
9 0.379808 0.478365 0.0144231 0.0144231
2 0.643029 0.509615 0.0264423 0.0144231
9 0.209135 0.480769 0.0240385 0.0240385
9 0.247596 0.487981 0.0144231 0.0192308
9 0.985577 0.489183 0.0240385 0.0216346
2 0.584135 0.501202 0.0240385 0.0168269
0 0.341346 0.519231 0.0192308 0.0673077
2 0.623798 0.508413 0.0216346 0.0168269
9 0.985577 0.450721 0.0288462 0.0504808
9 0.414663 0.444712 0.0168269 0.0288462
0 0.305288 0.522837 0.0240385 0.0697115
2 0.694712 0.522837 0.0336538 0.0264423
2 0.748798 0.534856 0.0697115 0.0408654
0 0.247596 0.53726 0.0240385 0.0649038
2 0.486779 0.533654 0.0504808 0.0480769
