2 0.139423 0.575721 0.278846 0.112981 
0 0.421875 0.617788 0.0841346 0.163462 
9 0.949519 0.445913 0.0240385 0.0360577 
2 0.427885 0.540865 0.0673077 0.0576923 
2 0.645433 0.530048 0.0504808 0.03125 
2 0.698317 0.539663 0.0793269 0.0408654 
0 0.263221 0.534856 0.0216346 0.0552885 
2 0.633413 0.526442 0.0408654 0.0336538 
2 0.594952 0.518029 0.0360577 0.0264423 
0 0.941106 0.542067 0.0264423 0.0745192 
9 0.34375 0.445913 0.0192308 0.0360577 
9 0.200721 0.483173 0.0168269 0.0192308 
2 0.585337 0.516827 0.03125 0.0240385 
