2 0.634615 0.526442 0.0384615 0.0288462
2 0.667067 0.528846 0.0408654 0.0192308
2 0.706731 0.53726 0.0432692 0.03125
9 0.199519 0.483173 0.0144231 0.0192308
0 0.0204327 0.548077 0.0360577 0.0625
2 0.461538 0.495192 0.0240385 0.0192308
2 0.504808 0.504808 0.0288462 0.0192308
9 0.341346 0.441106 0.0192308 0.0264423
9 0.22476 0.497596 0.0168269 0.0240385
2 0.567308 0.510817 0.0240385 0.0168269
2 0.582933 0.513221 0.0264423 0.0216346
9 0.647837 0.492788 0.0168269 0.0192308
0 0.944712 0.533654 0.0288462 0.100962
9 0.949519 0.445913 0.0240385 0.0360577
0 0.153846 0.544471 0.0288462 0.0745192
2 0.426683 0.539663 0.0649038 0.0552885
0 0.753606 0.621394 0.0552885 0.161058
