9 0.199519 0.483173 0.0144231 0.0192308
9 0.719952 0.467548 0.0120192 0.0168269
2 0.457933 0.519231 0.0264423 0.0336538
2 0.466346 0.509615 0.0288462 0.0336538
0 0.293269 0.53125 0.0240385 0.0913462
16 0.335337 0.609375 0.0552885 0.0600962
2 0.451923 0.526442 0.0240385 0.0336538
0 0.223558 0.532452 0.0240385 0.0841346
24 0.616587 0.552885 0.0408654 0.0432692
0 0.135817 0.540865 0.03125 0.0817308
2 0.697115 0.540865 0.0769231 0.0432692
0 0.942308 0.545673 0.0288462 0.0721154
9 0.950721 0.445913 0.0216346 0.0360577
0 0.651442 0.582933 0.0769231 0.127404
0 0.336538 0.679087 0.0817308 0.199519
2 0.425481 0.539663 0.0576923 0.0504808
0 0.078125 0.608173 0.0552885 0.158654
1 0.652644 0.620192 0.151442 0.0913462
