2 0.580529 0.501202 0.0216346 0.0168269
2 0.00480769 0.623798 0.00961538 0.0360577
2 0.717548 0.532452 0.0408654 0.0264423
2 0.61899 0.508413 0.03125 0.0168269
9 0.413462 0.448317 0.0192308 0.0216346
2 0.632212 0.508413 0.0288462 0.0168269
2 0.640625 0.508413 0.0264423 0.0168269
2 0.520433 0.495192 0.0264423 0.0192308
2 0.737981 0.534856 0.0625 0.0360577
2 0.705529 0.528846 0.0360577 0.0288462
9 0.959135 0.445913 0.0192308 0.03125
2 0.104567 0.543269 0.0985577 0.0480769
0 0.96274 0.528846 0.03125 0.0865385
2 0.691106 0.526442 0.0408654 0.0288462
0 0.258413 0.53125 0.0264423 0.0769231
2 0.486779 0.533654 0.0552885 0.0480769
