0 0.0204327 0.551683 0.0360577 0.0552885
0 0.183894 0.576923 0.0745192 0.144231
9 0.149038 0.481971 0.0144231 0.0264423
0 0.893029 0.530048 0.0264423 0.0793269
9 0.199519 0.481971 0.0144231 0.0264423
2 0.604567 0.519231 0.03125 0.0288462
2 0.584135 0.513221 0.0288462 0.0216346
2 0.461538 0.495192 0.0288462 0.0192308
0 0.294471 0.533654 0.0264423 0.0913462
2 0.59375 0.518029 0.0336538 0.0264423
0 0.94351 0.532452 0.03125 0.0985577
2 0.567308 0.510817 0.0240385 0.0168269
2 0.705529 0.540865 0.0649038 0.0384615
2 0.638221 0.527644 0.0408654 0.0360577
9 0.340144 0.454327 0.0216346 0.0528846
2 0.655048 0.532452 0.0552885 0.0360577
0 0.129808 0.610577 0.0528846 0.158654
9 0.948317 0.445913 0.0216346 0.0360577
1 0.197115 0.617788 0.134615 0.0913462
2 0.426683 0.538462 0.0649038 0.0528846
