1 0.342548 0.61899 0.146635 0.0889423 
2 0.426683 0.538462 0.0649038 0.0528846 
0 0.341346 0.586538 0.0769231 0.129808 
0 0.100962 0.63101 0.0673077 0.127404 
2 0.698317 0.540865 0.0793269 0.0432692 
9 0.949519 0.445913 0.0240385 0.0360577 
33 0.0300481 0.63101 0.0600962 0.0793269 
2 0.644231 0.528846 0.0528846 0.0336538 
0 0.149038 0.53125 0.0288462 0.0961538 
0 0.913462 0.528846 0.0240385 0.0817308 
0 0.942308 0.533654 0.0288462 0.0913462 
2 0.65625 0.533654 0.0528846 0.0336538 
0 0.800481 0.521635 0.0240385 0.0817308 
9 0.341346 0.44351 0.0192308 0.03125 
2 0.567308 0.510817 0.0240385 0.0216346 
2 0.46274 0.50601 0.0360577 0.0408654 
2 0.59375 0.518029 0.0336538 0.0264423 
2 0.584135 0.514423 0.0288462 0.0240385 
2 0.604567 0.521635 0.03125 0.0336538 
