2 0.657452 0.526442 0.0649038 0.0240385
0 0.0216346 0.550481 0.0336538 0.0528846
9 0.861779 0.490385 0.0168269 0.0192308
9 0.340144 0.442308 0.0168269 0.0240385
0 0.313702 0.519231 0.0120192 0.0384615
2 0.699519 0.530048 0.0576923 0.0216346
0 0.942308 0.533654 0.0288462 0.0913462
0 0.22476 0.539663 0.0216346 0.0745192
2 0.451923 0.528846 0.0240385 0.0384615
9 0.950721 0.445913 0.0216346 0.0360577
0 0.152644 0.533654 0.03125 0.0913462
0 0.259615 0.53726 0.0288462 0.0697115
2 0.424279 0.539663 0.0600962 0.0504808
0 0.873798 0.620192 0.0985577 0.168269
2 0.704327 0.58774 0.322115 0.103365
