9 0.890625 0.479567 0.0120192 0.0168269
0 0.203125 0.543269 0.0264423 0.0721154
0 0.890625 0.53125 0.0168269 0.0432692
9 0.794471 0.486779 0.0120192 0.0168269
2 0.628606 0.526442 0.0456731 0.0336538
2 0.704327 0.540865 0.0576923 0.0384615
9 0.342548 0.442308 0.0216346 0.0288462
0 0.0252404 0.555288 0.0216346 0.0432692
2 0.603365 0.520433 0.0288462 0.03125
2 0.46274 0.496394 0.03125 0.0216346
0 0.28726 0.538462 0.0264423 0.0817308
2 0.663462 0.53125 0.0480769 0.0288462
2 0.582933 0.514423 0.0264423 0.0240385
9 0.948317 0.485577 0.0168269 0.0192308
2 0.566106 0.512019 0.0216346 0.0192308
2 0.59375 0.518029 0.0336538 0.0264423
9 0.949519 0.444712 0.0240385 0.0336538
0 0.0757212 0.546875 0.03125 0.0793269
2 0.644231 0.53125 0.0480769 0.0384615
0 0.947115 0.651442 0.0817308 0.177885
2 0.426683 0.539663 0.0649038 0.0552885
0 0.121394 0.572115 0.0456731 0.139423
