2 0.592548 0.516827 0.03125 0.0240385
0 0.0216346 0.550481 0.0288462 0.0528846
2 0.567308 0.510817 0.0240385 0.0168269
2 0.581731 0.514423 0.0240385 0.0192308
0 0.225962 0.545673 0.0192308 0.0576923
2 0.673077 0.538462 0.0480769 0.0384615
2 0.638221 0.527644 0.0456731 0.03125
9 0.341346 0.44351 0.0144231 0.0264423
0 0.941106 0.536058 0.0264423 0.0913462
2 0.658654 0.533654 0.0528846 0.0336538
2 0.451923 0.528846 0.0240385 0.0384615
0 0.153846 0.536058 0.0288462 0.0865385
9 0.950721 0.445913 0.0216346 0.0360577
2 0.424279 0.539663 0.0600962 0.0504808
0 0.561298 0.617788 0.0649038 0.163462
