9 0.805288 0.467548 0.00961538 0.0120192
0 0.0204327 0.550481 0.0360577 0.0576923
9 0.795673 0.491587 0.0144231 0.0216346
2 0.674279 0.536058 0.117788 0.0384615
9 0.200721 0.483173 0.0168269 0.0192308
2 0.664663 0.532452 0.0504808 0.03125
2 0.461538 0.496394 0.0288462 0.0216346
2 0.582933 0.513221 0.0264423 0.0216346
9 0.338942 0.448317 0.0288462 0.0408654
2 0.59375 0.518029 0.0336538 0.0264423
2 0.352163 0.612981 0.108173 0.158654
2 0.566106 0.510817 0.0216346 0.0168269
2 0.703125 0.540865 0.0600962 0.0384615
2 0.643029 0.530048 0.0504808 0.0360577
9 0.949519 0.444712 0.0240385 0.0336538
0 0.15625 0.538462 0.0336538 0.0865385
0 0.94351 0.53125 0.03125 0.105769
2 0.308894 0.578125 0.266827 0.108173
2 0.429087 0.533654 0.0649038 0.0432692
0 0.356971 0.615385 0.0985577 0.158654
