2 0.527644 0.508413 0.0264423 0.0120192
0 0.0204327 0.551683 0.0360577 0.0552885
9 0.689904 0.49399 0.0144231 0.0168269
2 0.463942 0.501202 0.0336538 0.03125
9 0.341346 0.442308 0.0192308 0.0240385
2 0.653846 0.527644 0.0673077 0.03125
2 0.591346 0.514423 0.0384615 0.0240385
0 0.942308 0.538462 0.0288462 0.0913462
2 0.566106 0.510817 0.0216346 0.0168269
9 0.949519 0.444712 0.0240385 0.0336538
0 0.155048 0.536058 0.03125 0.0913462
0 0.632212 0.617788 0.0528846 0.158654
2 0.427885 0.539663 0.0673077 0.0552885
