2 0.411058 0.579327 0.307692 0.110577 
0 0.328125 0.606971 0.0552885 0.180288 
2 0.432692 0.526442 0.0673077 0.0336538 
9 0.949519 0.445913 0.0240385 0.0360577 
2 0.700721 0.540865 0.0793269 0.0432692 
2 0.655048 0.533654 0.0504808 0.0336538 
0 0.15625 0.542067 0.0288462 0.0745192 
0 0.802885 0.53726 0.0240385 0.0649038 
2 0.633413 0.527644 0.0408654 0.03125 
9 0.341346 0.44351 0.0192308 0.03125 
2 0.594952 0.518029 0.0360577 0.0264423 
2 0.603365 0.521635 0.0336538 0.0336538 
0 0.941106 0.53726 0.0264423 0.0841346 
2 0.463942 0.504808 0.0336538 0.0384615 
2 0.585337 0.514423 0.03125 0.0240385 
