2 0.425481 0.538462 0.0625 0.0528846 
0 0.59976 0.614183 0.0649038 0.165865 
9 0.949519 0.445913 0.0240385 0.0360577 
2 0.694712 0.540865 0.0865385 0.0432692 
0 0.941106 0.542067 0.0264423 0.0745192 
2 0.657452 0.532452 0.0649038 0.0360577 
0 0.153846 0.542067 0.0288462 0.0745192 
2 0.572115 0.509615 0.0384615 0.0240385 
0 0.251202 0.53125 0.0216346 0.0769231 
2 0.582933 0.512019 0.0408654 0.0240385 
9 0.341346 0.44351 0.0192308 0.0264423 
0 0.225962 0.544471 0.0192308 0.0600962 
2 0.644231 0.52524 0.0528846 0.0264423 
