24 0.88101 0.560096 0.03125 0.0432692
9 0.341346 0.441106 0.0192308 0.0264423
0 0.0228365 0.555288 0.0264423 0.0432692
2 0.567308 0.510817 0.0240385 0.0168269
2 0.461538 0.501202 0.0288462 0.03125
2 0.582933 0.513221 0.0264423 0.0216346
2 0.704327 0.540865 0.0625 0.0384615
9 0.378606 0.471154 0.0120192 0.0144231
2 0.638221 0.527644 0.0456731 0.0360577
2 0.653846 0.53125 0.0528846 0.0336538
9 0.949519 0.445913 0.0240385 0.0360577
0 0.901442 0.591346 0.0721154 0.115385
1 0.902644 0.61899 0.127404 0.0889423
0 0.222356 0.536058 0.0264423 0.0865385
0 0.579327 0.665865 0.0673077 0.201923
2 0.426683 0.539663 0.0649038 0.0552885
0 0.0877404 0.598558 0.0504808 0.144231
