9 0.808894 0.486779 0.0168269 0.0168269
9 0.909856 0.490385 0.0168269 0.0192308
9 0.555288 0.486779 0.0144231 0.0168269
2 0.447115 0.524038 0.0240385 0.0288462
0 0.102163 0.540865 0.0264423 0.0480769
0 0.551683 0.536058 0.0216346 0.0576923
0 0.965144 0.548077 0.0264423 0.0528846
9 0.846154 0.456731 0.0144231 0.0288462
0 0.0144231 0.56851 0.0288462 0.0985577
2 0.617788 0.527644 0.0432692 0.03125
2 0.65024 0.534856 0.0697115 0.0360577
0 0.215144 0.536058 0.0264423 0.0576923
2 0.424279 0.534856 0.0504808 0.0408654
2 0.0757212 0.722356 0.151442 0.213942
2 0.883413 0.701923 0.233173 0.264423
