1 0.227163 0.617788 0.146635 0.0865385 
2 0.425481 0.538462 0.0625 0.0528846 
0 0.120192 0.617788 0.0528846 0.158654 
0 0.228365 0.574519 0.0817308 0.129808 
2 0.697115 0.540865 0.0817308 0.0432692 
9 0.948317 0.447115 0.0216346 0.0384615 
2 0.644231 0.528846 0.0528846 0.0336538 
0 0.897837 0.53125 0.03125 0.0817308 
9 0.341346 0.442308 0.0192308 0.0288462 
0 0.151442 0.544471 0.0240385 0.0697115 
2 0.65625 0.533654 0.0480769 0.0336538 
0 0.941106 0.546875 0.0264423 0.0649038 
2 0.59375 0.518029 0.0336538 0.0264423 
2 0.584135 0.514423 0.0288462 0.0240385 
2 0.569712 0.510817 0.0240385 0.0216346 
