1 0.538462 0.61899 0.149038 0.0889423 
0 0.221154 0.66226 0.120192 0.257212 
2 0.426683 0.538462 0.0649038 0.0528846 
0 0.078125 0.606971 0.0600962 0.175481 
0 0.140625 0.543269 0.03125 0.0721154 
2 0.698317 0.542067 0.0793269 0.0408654 
0 0.53726 0.586538 0.0745192 0.129808 
2 0.641827 0.528846 0.0528846 0.0336538 
9 0.949519 0.444712 0.0240385 0.0336538 
24 0.503606 0.551683 0.0456731 0.0408654 
33 0.222356 0.617788 0.0793269 0.0673077 
2 0.657452 0.533654 0.0504808 0.0336538 
9 0.200721 0.481971 0.0168269 0.0216346 
2 0.584135 0.514423 0.0288462 0.0240385 
2 0.592548 0.518029 0.0360577 0.0264423 
9 0.341346 0.44351 0.0192308 0.03125 
2 0.604567 0.521635 0.03125 0.0336538 
9 0.22476 0.49399 0.0120192 0.0168269 
0 0.939904 0.533654 0.0288462 0.0913462 
2 0.56851 0.509615 0.0264423 0.0192308 
