2 0.528846 0.510817 0.0240385 0.0264423
0 0.501202 0.536058 0.0649038 0.0576923
0 0.341346 0.528846 0.0192308 0.0528846
9 0.415865 0.449519 0.0192308 0.0192308
0 0.133413 0.542067 0.03125 0.0504808
9 0.49399 0.451923 0.0120192 0.0192308
9 0.980769 0.44351 0.0240385 0.0360577
0 0.520433 0.538462 0.03125 0.0576923
0 0.236779 0.514423 0.0216346 0.0817308
2 0.703125 0.528846 0.0456731 0.0336538
0 0.97476 0.528846 0.0360577 0.0913462
2 0.75 0.53726 0.0769231 0.0408654
0 0.253606 0.527644 0.0264423 0.0793269
2 0.487981 0.533654 0.0528846 0.0480769
