2 0.590144 0.515625 0.0264423 0.0216346
2 0.466346 0.522837 0.0192308 0.03125
2 0.569712 0.510817 0.0192308 0.0168269
2 0.473558 0.507212 0.0288462 0.0336538
0 0.00961538 0.581731 0.0192308 0.0865385
9 0.372596 0.453125 0.0144231 0.0216346
2 0.637019 0.526442 0.0432692 0.0288462
9 0.875 0.454327 0.0192308 0.0288462
0 0.546875 0.538462 0.0168269 0.0480769
0 0.221154 0.53726 0.0192308 0.0600962
2 0.674279 0.534856 0.0697115 0.0360577
2 0.438702 0.533654 0.0504808 0.0432692
2 0.90024 0.707933 0.199519 0.247596
2 0.0588942 0.745192 0.117788 0.173077
