0 0.277644 0.53125 0.0216346 0.0817308
9 0.310096 0.472356 0.0144231 0.0168269
9 0.578125 0.491587 0.0120192 0.0168269
9 0.341346 0.454327 0.0240385 0.0480769
0 0.223558 0.534856 0.0240385 0.0889423
2 0.425481 0.522837 0.0576923 0.0264423
2 0.645433 0.530048 0.0600962 0.0360577
2 0.697115 0.539663 0.0817308 0.0408654
9 0.949519 0.444712 0.0240385 0.0336538
0 0.152644 0.538462 0.03125 0.0865385
0 0.258413 0.52524 0.0264423 0.0841346
0 0.938702 0.61899 0.0793269 0.170673
2 0.480769 0.586538 0.326923 0.105769
