9 0.305288 0.475962 0.00961538 0.00961538
2 0.503606 0.503606 0.0216346 0.0168269
2 0.63101 0.526442 0.0408654 0.0336538
2 0.466346 0.495192 0.0192308 0.0144231
9 0.15625 0.496394 0.0144231 0.0168269
9 0.467548 0.49399 0.0168269 0.0168269
0 0.227163 0.539663 0.0216346 0.0793269
2 0.567308 0.512019 0.0240385 0.0192308
2 0.692308 0.539663 0.0673077 0.0360577
0 0.155048 0.548077 0.0264423 0.0673077
2 0.664663 0.533654 0.0504808 0.0336538
9 0.263221 0.483173 0.0120192 0.0192308
2 0.59375 0.515625 0.0336538 0.0264423
0 0.263221 0.527644 0.0216346 0.0697115
9 0.341346 0.44351 0.0192308 0.0264423
2 0.645433 0.530048 0.0456731 0.0360577
2 0.425481 0.539663 0.0625 0.0552885
5 0.867788 0.532452 0.264423 0.21875
