2 0.466346 0.512019 0.0240385 0.0336538
2 0.567308 0.510817 0.0192308 0.0168269
0 0.292067 0.540865 0.0264423 0.0769231
9 0.341346 0.44351 0.0192308 0.0264423
0 0.0228365 0.550481 0.03125 0.0528846
2 0.582933 0.515625 0.0216346 0.0216346
2 0.451923 0.527644 0.0240385 0.0360577
0 0.942308 0.53726 0.0288462 0.0889423
0 0.0889423 0.53726 0.0288462 0.103365
2 0.638221 0.530048 0.0456731 0.03125
2 0.657452 0.533654 0.0552885 0.0336538
77 0.855769 0.588942 0.0528846 0.0528846
9 0.949519 0.445913 0.0240385 0.0360577
2 0.699519 0.540865 0.0769231 0.0432692
0 0.115385 0.582933 0.0528846 0.132212
2 0.424279 0.539663 0.0600962 0.0504808
0 0.855769 0.653846 0.100962 0.177885
