9 0.675481 0.206731 0.0384615 0.0673077
77 0.55649 0.628606 0.0264423 0.0697115
77 0.518029 0.605769 0.0600962 0.168269
7 0.711538 0.486779 0.125 0.0745192
2 0.197115 0.504808 0.120192 0.0336538
26 0.647837 0.635817 0.03125 0.0360577
0 0.0973558 0.545673 0.0552885 0.125
0 0.629808 0.604567 0.0432692 0.141827
77 0.520433 0.543269 0.0456731 0.0480769
77 0.585337 0.625 0.0600962 0.0721154
12 0.169471 0.649038 0.0456731 0.115385
0 0.518029 0.605769 0.0600962 0.168269
10 0.403846 0.759615 0.0721154 0.129808
