1 0.271635 0.55649 0.0192308 0.0360577
9 0.852163 0.491587 0.0168269 0.0168269
0 0.0192308 0.551683 0.0336538 0.0552885
2 0.633413 0.527644 0.0600962 0.0360577
2 0.697115 0.539663 0.0769231 0.0360577
2 0.655048 0.532452 0.0649038 0.0360577
9 0.342548 0.451923 0.0216346 0.0480769
9 0.949519 0.444712 0.0240385 0.0336538
0 0.265625 0.528846 0.0360577 0.0817308
0 0.22476 0.534856 0.0264423 0.0889423
2 0.426683 0.532452 0.0600962 0.0408654
0 0.152644 0.536058 0.03125 0.0913462
0 0.927885 0.622596 0.0625 0.163462
2 0.539663 0.585337 0.324519 0.103365
