9 0.379808 0.461538 0.00961538 0.0144231
16 0.0600962 0.685096 0.115385 0.225962
2 0.581731 0.513221 0.0288462 0.0216346
0 0.225962 0.545673 0.0192308 0.0576923
9 0.340144 0.439904 0.0168269 0.0240385
2 0.705529 0.540865 0.0600962 0.0384615
0 0.0588942 0.689904 0.117788 0.225962
2 0.461538 0.496394 0.0288462 0.0216346
9 0.199519 0.481971 0.0144231 0.0216346
0 0.293269 0.542067 0.0240385 0.0745192
0 0.939904 0.532452 0.0336538 0.0985577
0 0.917067 0.532452 0.0264423 0.0889423
2 0.566106 0.512019 0.0264423 0.0192308
2 0.59375 0.518029 0.0384615 0.0264423
2 0.653846 0.532452 0.0625 0.0360577
2 0.635817 0.528846 0.0456731 0.0384615
0 0.378606 0.586538 0.0745192 0.125
0 0.0961538 0.603365 0.0480769 0.153846
9 0.948317 0.444712 0.0216346 0.0336538
0 0.146635 0.546875 0.0240385 0.0649038
2 0.426683 0.538462 0.0649038 0.0528846
1 0.384615 0.617788 0.149038 0.0913462
