1 0.578125 0.620192 0.151442 0.0913462 
2 0.425481 0.538462 0.0625 0.0528846 
0 0.260817 0.66226 0.132212 0.247596 
0 0.0769231 0.610577 0.0625 0.163462 
2 0.698317 0.542067 0.0793269 0.0408654 
0 0.573317 0.580529 0.0793269 0.132212 
9 0.949519 0.445913 0.0240385 0.0360577 
24 0.542067 0.551683 0.0504808 0.0408654 
33 0.262019 0.615385 0.0673077 0.0721154 
2 0.640625 0.528846 0.0504808 0.0336538 
0 0.941106 0.533654 0.03125 0.0913462 
2 0.65625 0.533654 0.0528846 0.0336538 
0 0.140625 0.543269 0.03125 0.0721154 
2 0.463942 0.50601 0.0336538 0.0408654 
2 0.605769 0.521635 0.0336538 0.0336538 
9 0.341346 0.441106 0.0192308 0.0264423 
9 0.293269 0.49399 0.0192308 0.0216346 
