77 0.483173 0.563702 0.0480769 0.0456731
9 0.200721 0.483173 0.0120192 0.0192308
2 0.450721 0.527644 0.0264423 0.0360577
2 0.569712 0.512019 0.0240385 0.0192308
2 0.581731 0.516827 0.0240385 0.0240385
9 0.340144 0.44351 0.0168269 0.0264423
0 0.223558 0.543269 0.0192308 0.0673077
0 0.153846 0.53726 0.0288462 0.0841346
2 0.634615 0.528846 0.0432692 0.0336538
2 0.657452 0.533654 0.0504808 0.0336538
0 0.258413 0.532452 0.0216346 0.0745192
0 0.942308 0.532452 0.0288462 0.0985577
9 0.949519 0.445913 0.0240385 0.0360577
2 0.695913 0.540865 0.0697115 0.0432692
2 0.424279 0.538462 0.0600962 0.0480769
2 0.0444712 0.586538 0.0889423 0.0817308
0 0.490385 0.61899 0.0721154 0.161058
