2 0.591346 0.516827 0.0432692 0.0288462
0 0.0204327 0.551683 0.0360577 0.0552885
9 0.340144 0.442308 0.0168269 0.0240385
2 0.698317 0.538462 0.0841346 0.0384615
9 0.198317 0.481971 0.0168269 0.0216346
9 0.277644 0.490385 0.0168269 0.0192308
2 0.426683 0.532452 0.0600962 0.0408654
0 0.225962 0.549279 0.0192308 0.0552885
2 0.653846 0.53125 0.0673077 0.0384615
9 0.949519 0.444712 0.0240385 0.0336538
0 0.155048 0.542067 0.03125 0.0745192
0 0.944712 0.530048 0.0336538 0.103365
0 0.293269 0.614183 0.0817308 0.161058
2 0.539663 0.579327 0.300481 0.110577
