9 0.382212 0.46875 0.00961538 0.0144231
9 0.199519 0.483173 0.0144231 0.0192308
2 0.582933 0.515625 0.0264423 0.0216346
0 0.534856 0.533654 0.0216346 0.0817308
9 0.340144 0.44351 0.0168269 0.0264423
0 0.225962 0.546875 0.0192308 0.0552885
0 0.941106 0.534856 0.0264423 0.0889423
0 0.151442 0.532452 0.0336538 0.0889423
2 0.638221 0.528846 0.0504808 0.0336538
2 0.451923 0.528846 0.0240385 0.0336538
2 0.657452 0.533654 0.0504808 0.0336538
9 0.949519 0.445913 0.0240385 0.0360577
0 0.260817 0.528846 0.0216346 0.0673077
2 0.697115 0.539663 0.0769231 0.0456731
0 0.311298 0.543269 0.03125 0.0673077
2 0.424279 0.539663 0.0600962 0.0504808
2 0.0805288 0.581731 0.161058 0.105769
