9 0.664663 0.492788 0.0168269 0.0192308
0 0.0216346 0.548077 0.0336538 0.0576923
2 0.465144 0.510817 0.0264423 0.0360577
2 0.566106 0.510817 0.0216346 0.0168269
2 0.591346 0.518029 0.0288462 0.0216346
2 0.581731 0.515625 0.0240385 0.0216346
9 0.341346 0.44351 0.0144231 0.0264423
2 0.635817 0.528846 0.0456731 0.0336538
0 0.941106 0.543269 0.0264423 0.0769231
0 0.248798 0.524038 0.0264423 0.0865385
2 0.451923 0.527644 0.0240385 0.0360577
2 0.649038 0.533654 0.0384615 0.0336538
0 0.152644 0.532452 0.03125 0.09375
9 0.950721 0.445913 0.0216346 0.0360577
2 0.700721 0.540865 0.0649038 0.0432692
0 0.704327 0.621394 0.0528846 0.15625
2 0.424279 0.539663 0.0600962 0.0504808
