2 0.567308 0.510817 0.0240385 0.0168269
2 0.582933 0.514423 0.0216346 0.0192308
9 0.340144 0.442308 0.0168269 0.0288462
0 0.223558 0.546875 0.0192308 0.0600962
2 0.65625 0.532452 0.0528846 0.03125
0 0.941106 0.539663 0.0264423 0.0841346
2 0.639423 0.527644 0.0480769 0.03125
2 0.694712 0.540865 0.0865385 0.0432692
9 0.950721 0.447115 0.0216346 0.0336538
0 0.153846 0.543269 0.0288462 0.0721154
2 0.424279 0.538462 0.0552885 0.0480769
0 0.288462 0.620192 0.0769231 0.153846
2 0.584135 0.581731 0.298077 0.110577
