2 0.465144 0.509615 0.0264423 0.0336538
9 0.341346 0.44351 0.0144231 0.0264423
2 0.685096 0.532452 0.110577 0.0360577
0 0.0216346 0.548077 0.0288462 0.0576923
0 0.323317 0.533654 0.0168269 0.0432692
2 0.451923 0.526442 0.0240385 0.0336538
9 0.426683 0.454327 0.0120192 0.0144231
0 0.153846 0.534856 0.0288462 0.0889423
0 0.942308 0.532452 0.0288462 0.0985577
9 0.949519 0.444712 0.0240385 0.0384615
0 0.25601 0.611779 0.0504808 0.161058
2 0.425481 0.539663 0.0625 0.0504808
2 0.669471 0.582933 0.300481 0.108173
