9 0.450721 0.490385 0.0168269 0.0192308
0 0.133413 0.542067 0.0264423 0.0456731
0 0.365385 0.53125 0.0192308 0.0480769
2 0.606971 0.508413 0.0216346 0.0168269
2 0.629808 0.512019 0.0240385 0.0192308
0 0.932692 0.53125 0.0240385 0.0673077
9 0.405048 0.448317 0.0216346 0.0216346
9 0.551683 0.486779 0.0120192 0.0168269
2 0.671875 0.522837 0.0360577 0.0264423
2 0.685096 0.526442 0.0480769 0.0288462
0 0.549279 0.530048 0.0168269 0.0408654
9 0.935096 0.449519 0.0192308 0.0336538
2 0.71875 0.532452 0.0625 0.0360577
2 0.975962 0.75601 0.0480769 0.151442
0 0.25 0.536058 0.0240385 0.0576923
2 0.475962 0.532452 0.0528846 0.0456731
2 0.0384615 0.782452 0.0769231 0.103365
