2 0.558894 0.509615 0.0264423 0.0144231
0 0.0240385 0.55649 0.0240385 0.0408654
2 0.688702 0.543269 0.0600962 0.0480769
9 0.341346 0.441106 0.0192308 0.0264423
0 0.293269 0.540865 0.0240385 0.0769231
0 0.725962 0.58774 0.0769231 0.112981
2 0.567308 0.510817 0.0240385 0.0168269
2 0.582933 0.513221 0.0264423 0.0216346
2 0.664663 0.532452 0.0456731 0.03125
2 0.594952 0.516827 0.0360577 0.0240385
0 0.144231 0.533654 0.0192308 0.0769231
9 0.379808 0.472356 0.00961538 0.0168269
2 0.461538 0.496394 0.0288462 0.0216346
77 0.40625 0.605769 0.0625 0.0576923
2 0.644231 0.530048 0.0528846 0.0360577
0 0.223558 0.533654 0.0240385 0.0913462
9 0.949519 0.444712 0.0240385 0.0336538
0 0.942308 0.540865 0.0288462 0.0817308
0 0.132212 0.543269 0.0336538 0.0721154
2 0.425481 0.536058 0.0576923 0.0432692
1 0.729567 0.61899 0.141827 0.0889423
0 0.407452 0.675481 0.137019 0.197115
0 0.078125 0.604567 0.0600962 0.15625
