26 0.379808 0.445913 0.0336538 0.0552885
2 0.939904 0.414663 0.0384615 0.0649038
0 0.86899 0.420673 0.0216346 0.0576923
1 0.829327 0.426683 0.0384615 0.0649038
2 0.90625 0.411058 0.0288462 0.0528846
0 0.389423 0.457933 0.0528846 0.127404
2 0.762019 0.377404 0.0240385 0.0240385
0 0.78125 0.396635 0.0192308 0.0480769
24 0.379808 0.445913 0.0336538 0.0600962
2 0.326923 0.659856 0.649038 0.137019
0 0.829327 0.417067 0.0384615 0.0889423
2 0.981971 0.417067 0.0360577 0.0793269
0 0.742788 0.395433 0.0240385 0.0697115
0 0.407452 0.463942 0.0600962 0.182692
