9 0.352163 0.47476 0.0216346 0.0264423
9 0.259615 0.481971 0.0240385 0.0216346
9 0.591346 0.454327 0.00961538 0.00961538
2 0.00600962 0.617788 0.0120192 0.0384615
2 0.0264423 0.795673 0.0528846 0.0721154
2 0.617788 0.508413 0.0288462 0.0168269
2 0.717548 0.530048 0.0360577 0.03125
0 0.548077 0.532452 0.0192308 0.0552885
2 0.63101 0.508413 0.0264423 0.0168269
9 0.292067 0.481971 0.0120192 0.0216346
9 0.413462 0.448317 0.0192308 0.0216346
0 0.25601 0.538462 0.0216346 0.0576923
9 0.379808 0.475962 0.00961538 0.0144231
2 0.518029 0.49399 0.0264423 0.0216346
2 0.102163 0.543269 0.09375 0.0432692
9 0.953125 0.447115 0.0168269 0.0336538
2 0.692308 0.527644 0.0384615 0.03125
0 0.953125 0.527644 0.0264423 0.09375
2 0.486779 0.532452 0.0552885 0.0504808
