10 0.405048 0.759615 0.0745192 0.129808 
2 0.652644 0.548077 0.228365 0.0961538 
0 0.627404 0.596154 0.0480769 0.153846 
0 0.515625 0.59976 0.0552885 0.180288 
0 0.0348558 0.548077 0.0408654 0.110577 
33 0.164663 0.615385 0.0889423 0.0769231 
0 0.217548 0.578125 0.0408654 0.09375 
56 0.408654 0.59375 0.0528846 0.0817308 
26 0.649038 0.633413 0.0288462 0.0408654 
2 0.418269 0.513221 0.0961538 0.0408654 
7 0.659856 0.460337 0.228365 0.146635 
9 0.677885 0.203125 0.0288462 0.0649038 
7 0.711538 0.486779 0.125 0.0745192 
