9 0.759615 0.497596 0.0144231 0.0192308
2 0.674279 0.536058 0.117788 0.0384615
9 0.262019 0.489183 0.0192308 0.0168269
9 0.199519 0.481971 0.0144231 0.0264423
9 0.340144 0.441106 0.0168269 0.0264423
2 0.59976 0.520433 0.0408654 0.03125
9 0.223558 0.491587 0.0144231 0.0168269
2 0.664663 0.532452 0.0504808 0.03125
2 0.567308 0.510817 0.0240385 0.0168269
2 0.461538 0.496394 0.0288462 0.0216346
2 0.703125 0.540865 0.0600962 0.0384615
0 0.262019 0.539663 0.0240385 0.0649038
2 0.584135 0.514423 0.0288462 0.0240385
2 0.644231 0.530048 0.0480769 0.0360577
2 0.427885 0.533654 0.0625 0.0432692
0 0.944712 0.532452 0.0288462 0.0985577
9 0.948317 0.444712 0.0216346 0.0336538
0 0.432692 0.615385 0.0865385 0.168269
2 0.121394 0.574519 0.237981 0.110577
