9 0.341346 0.442308 0.0192308 0.0288462
2 0.560096 0.509615 0.0240385 0.0144231
2 0.622596 0.52524 0.0480769 0.0360577
0 0.780048 0.539663 0.0216346 0.0697115
9 0.225962 0.480769 0.00961538 0.0192308
2 0.663462 0.532452 0.0480769 0.03125
2 0.567308 0.512019 0.0240385 0.0192308
2 0.603365 0.520433 0.0288462 0.03125
9 0.199519 0.483173 0.0144231 0.0192308
2 0.461538 0.496394 0.0288462 0.0216346
2 0.584135 0.514423 0.0288462 0.0240385
2 0.592548 0.519231 0.03125 0.0288462
2 0.701923 0.538462 0.0673077 0.0384615
0 0.944712 0.53125 0.0336538 0.100962
2 0.644231 0.530048 0.0528846 0.0360577
9 0.948317 0.445913 0.0216346 0.0360577
2 0.429087 0.538462 0.0600962 0.0528846
0 0.390625 0.615385 0.0552885 0.168269
2 0.199519 0.576923 0.3125 0.105769
