9 0.331731 0.498798 0.0144231 0.0216346
0 0.508413 0.53726 0.0168269 0.0649038
2 0.582933 0.518029 0.0216346 0.0216346
9 0.512019 0.492788 0.0144231 0.0144231
0 0.153846 0.539663 0.0288462 0.0793269
9 0.379808 0.467548 0.00961538 0.0120192
9 0.199519 0.483173 0.0144231 0.0192308
9 0.342548 0.445913 0.0168269 0.0264423
0 0.262019 0.530048 0.0192308 0.0600962
0 0.942308 0.534856 0.0288462 0.09375
2 0.451923 0.528846 0.0240385 0.0336538
2 0.634615 0.528846 0.0432692 0.0336538
2 0.657452 0.533654 0.0504808 0.0336538
2 0.699519 0.540865 0.0769231 0.0432692
9 0.950721 0.445913 0.0216346 0.0360577
2 0.424279 0.539663 0.0600962 0.0504808
