1 0.206731 0.557692 0.0192308 0.0432692
2 0.570913 0.513221 0.0216346 0.0216346
2 0.466346 0.510817 0.0240385 0.03125
0 0.0228365 0.549279 0.03125 0.0552885
9 0.341346 0.44351 0.0144231 0.0264423
0 0.326923 0.527644 0.0240385 0.0697115
2 0.580529 0.515625 0.0216346 0.0216346
2 0.451923 0.526442 0.0240385 0.0336538
77 0.878606 0.591346 0.0456731 0.0480769
0 0.0841346 0.542067 0.0240385 0.0889423
2 0.640625 0.528846 0.0504808 0.0336538
0 0.944712 0.53726 0.0288462 0.0889423
2 0.65625 0.533654 0.0480769 0.0336538
0 0.290865 0.539663 0.0240385 0.0793269
9 0.950721 0.445913 0.0216346 0.0360577
2 0.699519 0.540865 0.0721154 0.0432692
0 0.879808 0.649038 0.0673077 0.182692
2 0.425481 0.539663 0.0625 0.0504808
0 0.117788 0.579327 0.0528846 0.134615
