2 0.605769 0.524038 0.0240385 0.0288462
0 0.0252404 0.555288 0.0264423 0.0432692
2 0.461538 0.501202 0.0336538 0.03125
0 0.889423 0.528846 0.0144231 0.0432692
2 0.664663 0.532452 0.0456731 0.03125
2 0.705529 0.540865 0.0600962 0.0384615
2 0.567308 0.512019 0.0240385 0.0192308
2 0.582933 0.514423 0.0264423 0.0240385
9 0.200721 0.481971 0.0168269 0.0264423
24 0.914663 0.597356 0.0456731 0.0793269
2 0.59375 0.516827 0.0336538 0.0288462
0 0.204327 0.550481 0.0192308 0.0625
9 0.341346 0.442308 0.0192308 0.0288462
2 0.640625 0.528846 0.0456731 0.0336538
0 0.0793269 0.548077 0.0384615 0.0817308
9 0.948317 0.445913 0.0216346 0.0360577
0 0.288462 0.543269 0.0288462 0.0673077
2 0.426683 0.540865 0.0649038 0.0528846
0 0.929087 0.632212 0.0889423 0.216346
0 0.120192 0.580529 0.0480769 0.137019
