2 0.461538 0.496394 0.0288462 0.0216346
2 0.625 0.52524 0.0528846 0.0360577
0 0.414663 0.582933 0.0841346 0.137019
0 0.293269 0.545673 0.0240385 0.0673077
0 0.0252404 0.554087 0.0264423 0.0456731
2 0.664663 0.532452 0.0504808 0.03125
2 0.59375 0.518029 0.0336538 0.0264423
2 0.581731 0.514423 0.0288462 0.0240385
2 0.705529 0.540865 0.0600962 0.0384615
0 0.942308 0.540865 0.0288462 0.0817308
0 0.225962 0.550481 0.0192308 0.0528846
9 0.340144 0.442308 0.0216346 0.0288462
2 0.566106 0.513221 0.0264423 0.0216346
2 0.430288 0.534856 0.0673077 0.0504808
0 0.0841346 0.555288 0.0576923 0.0673077
2 0.644231 0.530048 0.0576923 0.0360577
9 0.199519 0.484375 0.0192308 0.0216346
9 0.949519 0.445913 0.0240385 0.0360577
1 0.423077 0.615385 0.153846 0.100962
0 0.0961538 0.664663 0.163462 0.266827
