2 0.501202 0.50601 0.0264423 0.0168269
2 0.46274 0.495192 0.0264423 0.0192308
2 0.626202 0.52524 0.0504808 0.0360577
2 0.567308 0.509615 0.0240385 0.0144231
2 0.603365 0.520433 0.0288462 0.03125
2 0.663462 0.532452 0.0480769 0.03125
0 0.942308 0.549279 0.0240385 0.0649038
9 0.199519 0.484375 0.0192308 0.0216346
0 0.566106 0.539663 0.0216346 0.0600962
2 0.584135 0.514423 0.0288462 0.0240385
9 0.340144 0.444712 0.0216346 0.0336538
2 0.703125 0.539663 0.0649038 0.0408654
2 0.644231 0.53125 0.0480769 0.0384615
9 0.949519 0.445913 0.0240385 0.0360577
2 0.426683 0.53726 0.0649038 0.0504808
0 0.97476 0.616587 0.0504808 0.165865
2 0.314904 0.585337 0.336538 0.103365
