2 0.558894 0.509615 0.0264423 0.0144231
2 0.605769 0.524038 0.0288462 0.0288462
0 0.966346 0.542067 0.0240385 0.0600962
0 0.759615 0.591346 0.0961538 0.129808
0 0.141827 0.546875 0.0192308 0.0697115
0 0.294471 0.543269 0.0216346 0.0673077
0 0.0264423 0.555288 0.0240385 0.0432692
2 0.691106 0.539663 0.0697115 0.0360577
2 0.567308 0.512019 0.0288462 0.0192308
2 0.463942 0.5 0.0336538 0.0288462
0 0.223558 0.548077 0.0192308 0.0576923
2 0.664663 0.53125 0.0504808 0.0288462
9 0.199519 0.484375 0.0192308 0.0216346
2 0.584135 0.514423 0.0288462 0.0240385
2 0.592548 0.519231 0.0360577 0.0288462
9 0.341346 0.442308 0.0192308 0.0288462
2 0.641827 0.528846 0.0528846 0.0336538
0 0.94351 0.534856 0.03125 0.09375
9 0.949519 0.445913 0.0240385 0.0360577
0 0.128606 0.546875 0.03125 0.0697115
2 0.426683 0.53726 0.0649038 0.0504808
1 0.764423 0.617788 0.139423 0.0913462
0 0.44351 0.658654 0.09375 0.230769
0 0.078125 0.600962 0.0600962 0.158654
