2 0.516827 0.50601 0.0336538 0.0168269
0 0.882212 0.533654 0.0240385 0.0673077
2 0.580529 0.509615 0.0264423 0.0144231
2 0.591346 0.509615 0.0288462 0.0144231
9 0.375 0.457933 0.0240385 0.0360577
0 0.891827 0.534856 0.0192308 0.0600962
2 0.40625 0.53726 0.0336538 0.03125
2 0.479567 0.501202 0.0264423 0.0264423
2 0.570913 0.509615 0.0216346 0.0144231
9 0.884615 0.450721 0.0192308 0.0264423
0 0.549279 0.534856 0.0216346 0.0552885
2 0.640625 0.52524 0.0408654 0.03125
0 0.223558 0.538462 0.0240385 0.0576923
2 0.682692 0.536058 0.0625 0.0384615
2 0.444712 0.532452 0.0528846 0.0456731
2 0.0564904 0.748798 0.112981 0.165865
2 0.921875 0.707933 0.15625 0.233173
