2 0.592548 0.509615 0.0264423 0.0144231
2 0.679087 0.530048 0.0360577 0.03125
9 0.27524 0.484375 0.0168269 0.0168269
0 0.915865 0.538462 0.0192308 0.0528846
9 0.394231 0.450721 0.0192308 0.0216346
2 0.497596 0.502404 0.0288462 0.0336538
2 0.0925481 0.542067 0.09375 0.0456731
2 0.665865 0.527644 0.0384615 0.03125
0 0.370192 0.528846 0.0192308 0.0480769
2 0.706731 0.534856 0.0576923 0.0360577
9 0.914663 0.450721 0.0168269 0.03125
0 0.240385 0.538462 0.0240385 0.0576923
2 0.461538 0.533654 0.0576923 0.0432692
2 0.953125 0.737981 0.09375 0.182692
2 0.0480769 0.764423 0.0961538 0.129808
