2 0.685096 0.540865 0.0817308 0.0384615
2 0.504808 0.504808 0.0288462 0.0192308
2 0.605769 0.524038 0.0240385 0.0288462
0 0.0192308 0.551683 0.0336538 0.0552885
2 0.658654 0.528846 0.0576923 0.0288462
0 0.248798 0.536058 0.0216346 0.0625
2 0.460337 0.495192 0.0264423 0.0192308
0 0.221154 0.543269 0.0240385 0.0625
2 0.566106 0.512019 0.0216346 0.0192308
2 0.584135 0.515625 0.0288462 0.0216346
9 0.341346 0.44351 0.0192308 0.0264423
2 0.59375 0.518029 0.0336538 0.0264423
2 0.639423 0.526442 0.0432692 0.0288462
9 0.199519 0.484375 0.0192308 0.0216346
0 0.942308 0.544471 0.0288462 0.0745192
0 0.155048 0.549279 0.0264423 0.0649038
9 0.949519 0.444712 0.0240385 0.0336538
2 0.426683 0.539663 0.0649038 0.0552885
0 0.729567 0.614183 0.0889423 0.180288
