2 0.625 0.526442 0.0528846 0.0336538
2 0.463942 0.5 0.0288462 0.0240385
2 0.567308 0.509615 0.0240385 0.0192308
0 0.227163 0.549279 0.0216346 0.0504808
2 0.709135 0.540865 0.0528846 0.0384615
2 0.584135 0.513221 0.0288462 0.0216346
2 0.664663 0.53125 0.0504808 0.0288462
0 0.152644 0.551683 0.0264423 0.0552885
9 0.341346 0.442308 0.0192308 0.0288462
0 0.942308 0.546875 0.0240385 0.0697115
2 0.643029 0.528846 0.0504808 0.0336538
9 0.199519 0.484375 0.0192308 0.0216346
9 0.949519 0.444712 0.0240385 0.0336538
2 0.426683 0.539663 0.0649038 0.0552885
0 0.585337 0.612981 0.0889423 0.173077
