2 0.625 0.526442 0.0480769 0.0336538
0 0.0204327 0.551683 0.0360577 0.0552885
2 0.461538 0.496394 0.0288462 0.0216346
0 0.225962 0.549279 0.0192308 0.0552885
10 0.941106 0.548077 0.0264423 0.0673077
2 0.503606 0.50601 0.0264423 0.0168269
2 0.567308 0.510817 0.0240385 0.0168269
2 0.603365 0.521635 0.0288462 0.0288462
2 0.663462 0.532452 0.0480769 0.03125
0 0.941106 0.546875 0.0264423 0.0697115
2 0.59375 0.518029 0.0336538 0.0264423
9 0.199519 0.484375 0.0192308 0.0216346
0 0.263221 0.533654 0.0216346 0.0576923
2 0.584135 0.514423 0.0288462 0.0240385
2 0.701923 0.539663 0.0625 0.0408654
9 0.341346 0.444712 0.0192308 0.0288462
2 0.644231 0.530048 0.0480769 0.0360577
0 0.153846 0.546875 0.0288462 0.0649038
9 0.949519 0.444712 0.0240385 0.0336538
2 0.426683 0.539663 0.0649038 0.0552885
