24 0.90625 0.557692 0.0384615 0.0384615
0 0.0240385 0.555288 0.0288462 0.0432692
0 0.135817 0.542067 0.0264423 0.0649038
2 0.665865 0.528846 0.0432692 0.0240385
2 0.567308 0.510817 0.0240385 0.0168269
0 0.294471 0.544471 0.0216346 0.0649038
2 0.461538 0.495192 0.0240385 0.0192308
2 0.704327 0.540865 0.0625 0.0384615
2 0.59375 0.516827 0.0336538 0.0240385
2 0.582933 0.514423 0.0264423 0.0240385
9 0.199519 0.484375 0.0192308 0.0216346
9 0.341346 0.442308 0.0192308 0.0288462
2 0.641827 0.526442 0.0528846 0.0288462
0 0.115385 0.545673 0.0288462 0.0769231
0 0.935096 0.588942 0.0769231 0.115385
0 0.222356 0.552885 0.0216346 0.0576923
9 0.949519 0.445913 0.0240385 0.0360577
1 0.933894 0.620192 0.122596 0.0865385
2 0.429087 0.539663 0.0649038 0.0552885
0 0.612981 0.644231 0.0961538 0.240385
0 0.09375 0.596154 0.0576923 0.153846
