0 0.294471 0.544471 0.0216346 0.0649038
24 0.841346 0.555288 0.0480769 0.0432692
2 0.560096 0.509615 0.0240385 0.0144231
0 0.0264423 0.554087 0.0240385 0.0456731
0 0.225962 0.551683 0.0192308 0.0504808
2 0.603365 0.520433 0.0288462 0.03125
24 0.545673 0.604567 0.0625 0.103365
2 0.706731 0.540865 0.0576923 0.0384615
2 0.567308 0.510817 0.0240385 0.0168269
0 0.942308 0.546875 0.0240385 0.0697115
2 0.46274 0.502404 0.03125 0.0336538
2 0.59375 0.515625 0.0336538 0.0264423
2 0.582933 0.513221 0.0264423 0.0216346
2 0.664663 0.530048 0.0456731 0.0264423
9 0.340144 0.442308 0.0216346 0.0288462
9 0.200721 0.481971 0.0168269 0.0264423
2 0.641827 0.528846 0.0528846 0.0336538
0 0.860577 0.592548 0.0817308 0.122596
0 0.120192 0.544471 0.0336538 0.0697115
9 0.949519 0.445913 0.0240385 0.0360577
1 0.86899 0.621394 0.132212 0.0841346
2 0.427885 0.539663 0.0673077 0.0552885
0 0.542067 0.645433 0.108173 0.233173
0 0.0889423 0.597356 0.0576923 0.15625
