2 0.460337 0.501202 0.03125 0.0264423
0 0.991587 0.548077 0.0168269 0.0625
2 0.608173 0.521635 0.0336538 0.0240385
0 0.739183 0.534856 0.0264423 0.0697115
2 0.516827 0.507212 0.0288462 0.0144231
9 0.359375 0.455529 0.0168269 0.0264423
0 0.861779 0.53726 0.0216346 0.0504808
0 0.21274 0.539663 0.0216346 0.0600962
0 0.00841346 0.570913 0.0168269 0.103365
9 0.855769 0.454327 0.0192308 0.0288462
2 0.621394 0.527644 0.0504808 0.03125
0 0.981971 0.549279 0.0264423 0.0600962
2 0.661058 0.536058 0.0576923 0.0384615
2 0.429087 0.533654 0.0552885 0.0432692
2 0.895433 0.703125 0.209135 0.252404
2 0.0649038 0.729567 0.129808 0.194712
