2 0.567308 0.510817 0.0240385 0.0168269
2 0.584135 0.514423 0.0288462 0.0240385
9 0.340144 0.442308 0.0216346 0.0288462
0 0.152644 0.550481 0.0264423 0.0625
2 0.592548 0.519231 0.0360577 0.0288462
2 0.635817 0.527644 0.0456731 0.0360577
2 0.705529 0.540865 0.0793269 0.0384615
2 0.655048 0.532452 0.0600962 0.0360577
9 0.199519 0.484375 0.0192308 0.0216346
9 0.949519 0.444712 0.0240385 0.0336538
0 0.257212 0.538462 0.0240385 0.0673077
2 0.0264423 0.579327 0.0528846 0.0721154
2 0.426683 0.538462 0.0649038 0.0528846
0 0.502404 0.615385 0.0913462 0.168269
