2 0.69351 0.53726 0.0745192 0.0360577
2 0.461538 0.495192 0.0288462 0.0192308
2 0.627404 0.526442 0.0528846 0.0336538
0 0.0252404 0.555288 0.0216346 0.0432692
0 0.293269 0.544471 0.0240385 0.0649038
2 0.584135 0.514423 0.0288462 0.0240385
2 0.665865 0.530048 0.0528846 0.03125
0 0.942308 0.540865 0.0288462 0.0817308
2 0.594952 0.518029 0.0360577 0.0264423
2 0.566106 0.512019 0.0216346 0.0192308
24 0.165865 0.627404 0.0480769 0.0913462
9 0.341346 0.442308 0.0192308 0.0288462
0 0.497596 0.581731 0.0769231 0.139423
9 0.199519 0.484375 0.0192308 0.0216346
2 0.645433 0.530048 0.0600962 0.0360577
9 0.949519 0.445913 0.0240385 0.0360577
0 0.143029 0.546875 0.03125 0.0697115
2 0.425481 0.538462 0.0625 0.0528846
1 0.5 0.617788 0.153846 0.0961538
0 0.1875 0.667067 0.0913462 0.237981
0 0.0793269 0.605769 0.0576923 0.173077
