2 0.603365 0.518029 0.0288462 0.0264423
0 0.0192308 0.551683 0.0336538 0.0552885
2 0.582933 0.512019 0.0264423 0.0192308
2 0.709135 0.540865 0.0576923 0.0384615
2 0.461538 0.496394 0.0288462 0.0216346
0 0.293269 0.545673 0.0240385 0.0625
1 0.15625 0.625 0.139423 0.120192
2 0.59375 0.515625 0.0336538 0.0216346
0 0.942308 0.544471 0.0288462 0.0793269
2 0.567308 0.510817 0.0240385 0.0168269
9 0.341346 0.442308 0.0192308 0.0288462
2 0.635817 0.527644 0.0408654 0.0360577
2 0.655048 0.53125 0.0600962 0.0336538
9 0.199519 0.483173 0.0192308 0.0192308
0 0.227163 0.548077 0.0216346 0.0528846
0 0.146635 0.600962 0.0673077 0.177885
9 0.948317 0.445913 0.0216346 0.0360577
2 0.990385 0.588942 0.0192308 0.0480769
2 0.427885 0.538462 0.0625 0.0528846
