0 0.0192308 0.549279 0.0336538 0.0600962
2 0.637019 0.52524 0.0480769 0.03125
2 0.61899 0.521635 0.03125 0.0288462
2 0.503606 0.504808 0.0264423 0.0192308
2 0.460337 0.49399 0.0264423 0.0216346
0 0.248798 0.534856 0.0264423 0.0649038
2 0.567308 0.512019 0.0240385 0.0192308
2 0.584135 0.514423 0.0288462 0.0240385
2 0.661058 0.530048 0.0528846 0.03125
0 0.942308 0.546875 0.0240385 0.0697115
2 0.704327 0.540865 0.0673077 0.0384615
2 0.59375 0.518029 0.0336538 0.0264423
9 0.199519 0.484375 0.0192308 0.0216346
9 0.341346 0.442308 0.0192308 0.0288462
0 0.153846 0.549279 0.0288462 0.0649038
9 0.950721 0.445913 0.0216346 0.0360577
2 0.969952 0.588942 0.0600962 0.0865385
0 0.788462 0.611779 0.0625 0.180288
2 0.425481 0.538462 0.0625 0.0528846
