2 0.00961538 0.567308 0.0192308 0.0432692
9 0.259615 0.481971 0.0144231 0.0216346
2 0.566106 0.501202 0.0264423 0.0120192
2 0.620192 0.509615 0.0288462 0.0192308
9 0.393029 0.444712 0.0216346 0.0288462
0 0.0949519 0.549279 0.0216346 0.0456731
2 0.507212 0.502404 0.0288462 0.0288462
2 0.689904 0.524038 0.0480769 0.0336538
2 0.606971 0.510817 0.0264423 0.0168269
0 0.979567 0.536058 0.0264423 0.0865385
9 0.975962 0.444712 0.0192308 0.0336538
0 0.534856 0.536058 0.0216346 0.0673077
2 0.733173 0.53726 0.0769231 0.0408654
0 0.300481 0.532452 0.0240385 0.0552885
0 0.21875 0.539663 0.0240385 0.0697115
2 0.469952 0.534856 0.0600962 0.0504808
