2 0.705529 0.538462 0.0504808 0.0336538
9 0.387019 0.453125 0.0240385 0.0216346
0 0.902644 0.539663 0.0216346 0.0649038
2 0.604567 0.512019 0.0216346 0.0144231
2 0.489183 0.503606 0.03125 0.03125
2 0.585337 0.510817 0.0216346 0.0168269
0 0.121394 0.546875 0.0168269 0.0360577
2 0.646635 0.526442 0.0288462 0.0288462
9 0.899038 0.454327 0.0192308 0.0288462
2 0.668269 0.527644 0.0384615 0.0264423
0 0.233173 0.538462 0.0240385 0.0576923
2 0.932692 0.723558 0.134615 0.206731
2 0.456731 0.533654 0.0528846 0.0432692
2 0.0528846 0.754808 0.105769 0.149038
