1 0.0240385 0.55649 0.0288462 0.0408654
0 0.0444712 0.534856 0.0264423 0.0649038
2 0.83774 0.605769 0.0552885 0.144231
2 0.46274 0.495192 0.0264423 0.0192308
2 0.637019 0.527644 0.0432692 0.0360577
2 0.503606 0.503606 0.0264423 0.0168269
2 0.567308 0.510817 0.0240385 0.0168269
2 0.584135 0.513221 0.0288462 0.0216346
2 0.592548 0.516827 0.0360577 0.0288462
2 0.701923 0.542067 0.0865385 0.0408654
0 0.153846 0.546875 0.0288462 0.0649038
9 0.341346 0.442308 0.0192308 0.0288462
9 0.199519 0.484375 0.0192308 0.0216346
9 0.949519 0.445913 0.0240385 0.0360577
2 0.652644 0.532452 0.0600962 0.0360577
0 0.840144 0.616587 0.0504808 0.170673
2 0.427885 0.539663 0.0625 0.0552885
2 0.856971 0.588942 0.286058 0.105769
