2 0.557692 0.509615 0.0240385 0.0144231
24 0.893029 0.606971 0.0408654 0.0793269
0 0.0240385 0.555288 0.0288462 0.0432692
26 0.893029 0.605769 0.0408654 0.0721154
2 0.628606 0.526442 0.0456731 0.0336538
2 0.463942 0.501202 0.0336538 0.03125
2 0.604567 0.519231 0.03125 0.0288462
2 0.706731 0.539663 0.0576923 0.0360577
0 0.888221 0.532452 0.0168269 0.0504808
2 0.664663 0.530048 0.0456731 0.0264423
9 0.200721 0.481971 0.0168269 0.0264423
2 0.59375 0.516827 0.0336538 0.0240385
2 0.582933 0.513221 0.0264423 0.0216346
2 0.567308 0.510817 0.0240385 0.0168269
0 0.944712 0.544471 0.0240385 0.0745192
9 0.341346 0.442308 0.0192308 0.0288462
2 0.643029 0.53125 0.0456731 0.0384615
0 0.205529 0.554087 0.0216346 0.0552885
9 0.949519 0.444712 0.0240385 0.0384615
0 0.0829327 0.546875 0.03125 0.0841346
0 0.289663 0.545673 0.0264423 0.0673077
2 0.426683 0.538462 0.0649038 0.0528846
0 0.117788 0.579327 0.0480769 0.129808
0 0.91226 0.637019 0.0745192 0.201923
