2 0.526442 0.504808 0.0288462 0.0144231
2 0.596154 0.519231 0.0384615 0.0288462
2 0.502404 0.504808 0.0240385 0.0192308
2 0.566106 0.510817 0.0264423 0.0168269
2 0.664663 0.53125 0.0504808 0.0336538
2 0.46274 0.495192 0.0264423 0.0192308
0 0.264423 0.532452 0.0192308 0.0552885
2 0.585337 0.513221 0.03125 0.0216346
0 0.153846 0.549279 0.0288462 0.0600962
9 0.199519 0.484375 0.0192308 0.0216346
9 0.341346 0.44351 0.0240385 0.03125
2 0.645433 0.530048 0.0600962 0.0360577
2 0.427885 0.538462 0.0673077 0.0528846
5 0.840144 0.53125 0.314904 0.221154
