2 0.625 0.524038 0.0528846 0.0336538
0 0.0204327 0.551683 0.0360577 0.0552885
2 0.664663 0.53125 0.0504808 0.0336538
2 0.460337 0.501202 0.03125 0.0264423
0 0.320913 0.534856 0.0168269 0.0456731
2 0.584135 0.514423 0.0288462 0.0240385
2 0.564904 0.510817 0.0240385 0.0168269
2 0.645433 0.530048 0.0600962 0.0360577
9 0.341346 0.442308 0.0192308 0.0288462
2 0.59375 0.518029 0.0336538 0.0264423
0 0.152644 0.549279 0.0264423 0.0600962
9 0.199519 0.483173 0.0192308 0.0192308
0 0.28726 0.545673 0.0264423 0.0625
9 0.949519 0.445913 0.0240385 0.0360577
2 0.427885 0.540865 0.0625 0.0528846
0 0.225962 0.609375 0.0913462 0.170673
2 0.799279 0.584135 0.305288 0.110577
