2 0.604567 0.524038 0.0264423 0.0288462
2 0.46274 0.496394 0.0264423 0.0216346
2 0.628606 0.527644 0.0456731 0.0360577
2 0.00961538 0.581731 0.0192308 0.0432692
2 0.664663 0.53125 0.0456731 0.0288462
2 0.584135 0.514423 0.0288462 0.0240385
0 0.942308 0.546875 0.0240385 0.0697115
0 0.153846 0.549279 0.0240385 0.0600962
2 0.566106 0.512019 0.0264423 0.0192308
9 0.341346 0.442308 0.0192308 0.0288462
2 0.59375 0.519231 0.0336538 0.0288462
9 0.199519 0.484375 0.0192308 0.0216346
2 0.709135 0.543269 0.0673077 0.0384615
2 0.643029 0.53125 0.0456731 0.0384615
0 0.254808 0.538462 0.0240385 0.0673077
9 0.949519 0.445913 0.0240385 0.0360577
2 0.426683 0.538462 0.0649038 0.0528846
0 0.508413 0.614183 0.0889423 0.170673
