2 0.533654 0.56851 0.0288462 0.0168269
2 0.688702 0.53125 0.0504808 0.0336538
2 0.49399 0.502404 0.0264423 0.0288462
2 0.617788 0.508413 0.0336538 0.0168269
9 0.935096 0.444712 0.0240385 0.0384615
2 0.586538 0.507212 0.0240385 0.0144231
9 0.378606 0.44351 0.0168269 0.0264423
9 0.242788 0.480769 0.0144231 0.0240385
0 0.203125 0.540865 0.0264423 0.0721154
2 0.721154 0.53726 0.0721154 0.0408654
2 0.671875 0.527644 0.0456731 0.0360577
9 0.971154 0.444712 0.0288462 0.0384615
0 0.96875 0.540865 0.0240385 0.0769231
2 0.460337 0.534856 0.0552885 0.0552885
5 0.0540865 0.516827 0.108173 0.197115
