2 0.56851 0.512019 0.0264423 0.0192308
0 0.913462 0.551683 0.0144231 0.0360577
0 0.364183 0.53125 0.0168269 0.0432692
2 0.0697115 0.542067 0.0913462 0.0456731
2 0.594952 0.521635 0.0408654 0.0288462
2 0.459135 0.5 0.0288462 0.0192308
9 0.359375 0.453125 0.0168269 0.0216346
2 0.661058 0.533654 0.0480769 0.0384615
9 0.850962 0.454327 0.0192308 0.0288462
2 0.61899 0.527644 0.0456731 0.03125
0 0.302885 0.528846 0.0192308 0.0528846
0 0.96875 0.548077 0.0288462 0.0576923
0 0.0132212 0.570913 0.0264423 0.0985577
0 0.216346 0.538462 0.0240385 0.0576923
2 0.426683 0.532452 0.0552885 0.0408654
2 0.0721154 0.719952 0.144231 0.209135
2 0.884615 0.699519 0.230769 0.259615
