2 0.621394 0.52524 0.0552885 0.03125
2 0.558894 0.509615 0.0264423 0.0144231
0 0.0252404 0.555288 0.0216346 0.0432692
2 0.463942 0.501202 0.0336538 0.03125
2 0.655048 0.534856 0.0600962 0.0456731
2 0.603365 0.519231 0.0288462 0.0288462
2 0.567308 0.510817 0.0240385 0.0168269
0 0.293269 0.544471 0.0240385 0.0697115
2 0.59375 0.518029 0.0336538 0.0264423
2 0.644231 0.526442 0.0528846 0.0288462
2 0.582933 0.514423 0.0264423 0.0240385
9 0.341346 0.442308 0.0192308 0.0288462
0 0.685096 0.585337 0.0865385 0.117788
9 0.199519 0.484375 0.0192308 0.0216346
0 0.94351 0.545673 0.0264423 0.0721154
9 0.949519 0.445913 0.0240385 0.0360577
0 0.132212 0.545673 0.0288462 0.0721154
2 0.426683 0.539663 0.0649038 0.0552885
1 0.689904 0.620192 0.144231 0.0865385
0 0.078125 0.603365 0.0600962 0.163462
0 0.372596 0.655048 0.129808 0.247596
