2 0.497596 0.50601 0.0240385 0.0168269
2 0.460337 0.50601 0.03125 0.0360577
0 0.247596 0.536058 0.0192308 0.0576923
0 0.0192308 0.551683 0.0384615 0.0552885
2 0.461538 0.495192 0.0288462 0.0240385
0 0.941106 0.544471 0.0264423 0.0745192
2 0.603365 0.521635 0.0288462 0.0288462
0 0.227163 0.545673 0.0216346 0.0528846
2 0.701923 0.543269 0.0769231 0.0432692
0 0.209135 0.538462 0.0192308 0.0625
2 0.564904 0.512019 0.0240385 0.0192308
9 0.341346 0.442308 0.0192308 0.0288462
0 0.153846 0.548077 0.0288462 0.0625
9 0.199519 0.483173 0.0192308 0.0192308
2 0.584135 0.514423 0.0288462 0.0240385
2 0.644231 0.53125 0.0432692 0.0384615
9 0.949519 0.444712 0.0240385 0.0336538
2 0.426683 0.539663 0.0649038 0.0552885
0 0.682692 0.608173 0.0480769 0.182692
