2 0.854567 0.539663 0.0985577 0.0456731
2 0.283654 0.533654 0.129808 0.0817308
7 0.707933 0.502404 0.137019 0.105769
0 0.0913462 0.540865 0.0240385 0.0528846
26 0.647837 0.633413 0.03125 0.0360577
2 0.407452 0.514423 0.112981 0.0432692
2 0.288462 0.513221 0.120192 0.0408654
0 0.915865 0.516827 0.0192308 0.0528846
0 0.120192 0.564904 0.0384615 0.0913462
0 0.629808 0.598558 0.0528846 0.149038
12 0.169471 0.65024 0.0456731 0.112981
0 0.515625 0.597356 0.0600962 0.185096
10 0.405048 0.758413 0.0745192 0.132212
