2 0.560096 0.510817 0.0240385 0.0168269
2 0.628606 0.526442 0.0456731 0.0336538
2 0.600962 0.520433 0.0432692 0.03125
2 0.461538 0.496394 0.0288462 0.0216346
2 0.694712 0.538462 0.0769231 0.0384615
2 0.663462 0.533654 0.0528846 0.0336538
2 0.567308 0.513221 0.0240385 0.0216346
9 0.340144 0.442308 0.0216346 0.0288462
2 0.584135 0.514423 0.0288462 0.0240385
2 0.645433 0.530048 0.0552885 0.0360577
9 0.199519 0.484375 0.0192308 0.0216346
9 0.949519 0.445913 0.0240385 0.0360577
2 0.427885 0.542067 0.0625 0.0552885
0 0.40625 0.611779 0.0576923 0.165865
2 0.163462 0.575721 0.317308 0.108173
