2 0.63101 0.527644 0.0408654 0.0360577
0 0.939904 0.544471 0.0240385 0.0745192
2 0.46274 0.496394 0.0264423 0.0216346
0 0.0204327 0.551683 0.0360577 0.0552885
2 0.663462 0.532452 0.0480769 0.03125
0 0.484375 0.534856 0.0264423 0.0697115
2 0.502404 0.504808 0.0288462 0.0192308
9 0.948317 0.44351 0.0216346 0.03125
0 0.227163 0.550481 0.0216346 0.0576923
2 0.582933 0.513221 0.0264423 0.0216346
2 0.59375 0.515625 0.0336538 0.0264423
2 0.566106 0.510817 0.0216346 0.0168269
2 0.700721 0.540865 0.0649038 0.0384615
9 0.199519 0.484375 0.0192308 0.0216346
9 0.341346 0.442308 0.0192308 0.0288462
0 0.155048 0.548077 0.0264423 0.0625
0 0.263221 0.534856 0.0216346 0.0552885
2 0.644231 0.53125 0.0480769 0.0384615
5 0.969952 0.526442 0.0600962 0.168269
2 0.426683 0.538462 0.0600962 0.0528846
