0 0.263221 0.543269 0.0168269 0.0480769
2 0.59375 0.509615 0.0384615 0.0192308
2 0.582933 0.509615 0.0264423 0.0192308
2 0.399038 0.536058 0.0240385 0.0336538
0 0.549279 0.543269 0.0216346 0.0625
2 0.480769 0.497596 0.0240385 0.0240385
9 0.361779 0.44351 0.0264423 0.03125
0 0.331731 0.528846 0.0144231 0.0480769
0 0.299279 0.533654 0.0216346 0.0625
2 0.661058 0.527644 0.0480769 0.0360577
9 0.957933 0.442308 0.0216346 0.0384615
0 0.954327 0.534856 0.0336538 0.0889423
2 0.713942 0.538462 0.0769231 0.0432692
2 0.448317 0.533654 0.0600962 0.0528846
5 0.122596 0.518029 0.245192 0.213942
