2 0.705529 0.524038 0.0456731 0.0288462
0 0.330529 0.527644 0.0168269 0.0456731
0 0.122596 0.545673 0.0192308 0.0432692
0 0.300481 0.528846 0.0144231 0.0528846
2 0.641827 0.508413 0.0288462 0.0168269
2 0.520433 0.497596 0.0264423 0.0288462
2 0.621394 0.508413 0.0264423 0.0168269
9 0.408654 0.44351 0.0240385 0.0264423
9 0.984375 0.454327 0.03125 0.0625
2 0.68149 0.520433 0.0360577 0.03125
9 0.278846 0.480769 0.00961538 0.0240385
2 0.739183 0.532452 0.0841346 0.0408654
2 0.481971 0.532452 0.0504808 0.0504808
0 0.240385 0.538462 0.0240385 0.0673077
