2 0.558894 0.509615 0.0264423 0.0144231
0 0.942308 0.544471 0.0288462 0.0745192
2 0.675481 0.53726 0.115385 0.0408654
2 0.623798 0.52524 0.0552885 0.0360577
2 0.604567 0.524038 0.0264423 0.0288462
2 0.461538 0.496394 0.0288462 0.0216346
2 0.567308 0.512019 0.0240385 0.0192308
2 0.664663 0.532452 0.0504808 0.03125
2 0.704327 0.539663 0.0625 0.0408654
2 0.584135 0.514423 0.0288462 0.0240385
2 0.59375 0.519231 0.0336538 0.0288462
9 0.199519 0.484375 0.0192308 0.0216346
9 0.340144 0.442308 0.0216346 0.0288462
2 0.643029 0.530048 0.0504808 0.0360577
9 0.949519 0.445913 0.0240385 0.0360577
2 0.427885 0.538462 0.0625 0.0528846
0 0.377404 0.611779 0.0625 0.170673
2 0.229567 0.578125 0.290865 0.108173
