2 0.0997596 0.545673 0.0985577 0.0480769
9 0.978365 0.444712 0.0192308 0.0336538
2 0.643029 0.509615 0.0264423 0.0192308
9 0.415865 0.448317 0.0192308 0.0216346
0 0.991587 0.53125 0.0168269 0.0865385
0 0.975962 0.530048 0.0288462 0.0889423
9 0.417067 0.457933 0.0216346 0.0456731
9 0.292067 0.483173 0.0120192 0.0240385
2 0.623798 0.508413 0.0216346 0.0168269
0 0.384615 0.527644 0.0144231 0.0456731
0 0.507212 0.53726 0.0192308 0.0552885
2 0.485577 0.534856 0.0480769 0.0504808
2 0.704327 0.526442 0.0432692 0.0336538
2 0.751202 0.538462 0.0697115 0.0432692
0 0.254808 0.53726 0.0288462 0.0649038
