0 0.170673 0.548077 0.0240385 0.0673077
9 0.508413 0.457933 0.0216346 0.0264423
0 0.144231 0.546875 0.0288462 0.0600962
0 0.0649038 0.532452 0.0192308 0.0649038
0 0.0925481 0.542067 0.0264423 0.0552885
2 0.418269 0.513221 0.0913462 0.0408654
2 0.858173 0.540865 0.110577 0.0480769
0 0.0432692 0.551683 0.0288462 0.108173
0 0.221154 0.578125 0.0384615 0.0889423
12 0.169471 0.649038 0.0456731 0.115385
0 0.63101 0.600962 0.0456731 0.149038
10 0.405048 0.757212 0.0745192 0.129808
0 0.515625 0.597356 0.0600962 0.185096
2 0.677885 0.551683 0.240385 0.0985577
