0 0.195913 0.548077 0.0264423 0.0625
2 0.46274 0.502404 0.03125 0.0336538
2 0.603365 0.519231 0.0288462 0.0288462
0 0.894231 0.527644 0.0144231 0.0360577
0 0.0228365 0.55649 0.0216346 0.0408654
2 0.665865 0.532452 0.0480769 0.03125
2 0.706731 0.540865 0.0576923 0.0384615
9 0.200721 0.479567 0.0168269 0.0264423
2 0.566106 0.512019 0.0216346 0.0192308
2 0.584135 0.514423 0.0288462 0.0240385
0 0.94351 0.544471 0.0264423 0.0745192
9 0.341346 0.442308 0.0192308 0.0288462
2 0.643029 0.530048 0.0504808 0.0360577
9 0.949519 0.445913 0.0240385 0.0360577
0 0.0661058 0.549279 0.03125 0.0841346
0 0.977163 0.635817 0.0456731 0.199519
2 0.426683 0.538462 0.0649038 0.0528846
0 0.123798 0.570913 0.0456731 0.132212
