9 0.293269 0.480769 0.0144231 0.0240385
9 0.417067 0.453125 0.0216346 0.0408654
2 0.526442 0.5 0.0288462 0.0240385
2 0.753606 0.533654 0.0504808 0.0336538
2 0.643029 0.509615 0.0264423 0.0144231
0 0.141827 0.544471 0.0240385 0.0456731
2 0.695913 0.522837 0.0360577 0.0264423
9 0.415865 0.445913 0.0144231 0.0216346
2 0.622596 0.508413 0.0240385 0.0168269
0 0.972356 0.540865 0.0264423 0.0673077
2 0.709135 0.527644 0.0528846 0.03125
2 0.484375 0.533654 0.0456731 0.0480769
9 0.972356 0.445913 0.0216346 0.0360577
0 0.257212 0.536058 0.0240385 0.0625
