2 0.617788 0.508413 0.0240385 0.0168269
0 0.548077 0.532452 0.0192308 0.0552885
2 0.610577 0.507212 0.0240385 0.0144231
2 0.629808 0.508413 0.0288462 0.0168269
2 0.518029 0.501202 0.0264423 0.03125
0 0.944712 0.526442 0.0336538 0.0913462
9 0.408654 0.445913 0.0192308 0.0216346
9 0.947115 0.444712 0.0192308 0.0288462
2 0.102163 0.540865 0.09375 0.0432692
2 0.689904 0.526442 0.0432692 0.0288462
0 0.253606 0.534856 0.0264423 0.0600962
2 0.03125 0.790865 0.0625 0.0817308
2 0.486779 0.532452 0.0456731 0.0456731
