0 0.550481 0.544471 0.0192308 0.0649038
2 0.59375 0.508413 0.0336538 0.0168269
9 0.359375 0.444712 0.0216346 0.0288462
2 0.605769 0.509615 0.0336538 0.0144231
2 0.479567 0.503606 0.03125 0.03125
2 0.579327 0.509615 0.0288462 0.0192308
0 0.325721 0.528846 0.0168269 0.0528846
2 0.661058 0.530048 0.0528846 0.0360577
0 0.950721 0.544471 0.0264423 0.0697115
9 0.955529 0.444712 0.0216346 0.0384615
2 0.711538 0.540865 0.0769231 0.0432692
2 0.439904 0.534856 0.0625 0.0552885
5 0.140625 0.520433 0.276442 0.223558
