1 0.245192 0.53726 0.0384615 0.0649038
2 0.604567 0.519231 0.03125 0.0288462
2 0.503606 0.504808 0.0264423 0.0192308
0 0.0204327 0.540865 0.0360577 0.0721154
2 0.46274 0.495192 0.0264423 0.0192308
1 0.236779 0.552885 0.0408654 0.0480769
2 0.667067 0.530048 0.0456731 0.0264423
2 0.567308 0.512019 0.0240385 0.0192308
0 0.0300481 0.53726 0.0216346 0.0697115
2 0.706731 0.540865 0.0576923 0.0384615
9 0.341346 0.442308 0.0192308 0.0288462
2 0.584135 0.514423 0.0288462 0.0240385
2 0.644231 0.528846 0.0528846 0.0336538
9 0.199519 0.483173 0.0192308 0.0192308
0 0.152644 0.548077 0.03125 0.0625
9 0.949519 0.445913 0.0240385 0.0360577
2 0.426683 0.539663 0.0649038 0.0552885
2 0.942308 0.590144 0.115385 0.0985577
0 0.799279 0.616587 0.0889423 0.170673
