2 0.557692 0.508413 0.0240385 0.0168269
0 0.0204327 0.550481 0.0360577 0.0576923
2 0.461538 0.496394 0.0288462 0.0216346
0 0.323317 0.534856 0.0168269 0.0456731
2 0.664663 0.53125 0.0504808 0.0288462
2 0.706731 0.540865 0.0625 0.0384615
2 0.584135 0.513221 0.0288462 0.0216346
2 0.566106 0.510817 0.0216346 0.0168269
2 0.59375 0.516827 0.0336538 0.0240385
0 0.289663 0.545673 0.0264423 0.0625
9 0.341346 0.441106 0.0192308 0.0264423
2 0.643029 0.530048 0.0552885 0.0360577
9 0.199519 0.483173 0.0192308 0.0192308
0 0.153846 0.548077 0.0288462 0.0673077
9 0.949519 0.445913 0.0240385 0.0360577
2 0.427885 0.539663 0.0625 0.0552885
0 0.205529 0.609375 0.0697115 0.165865
2 0.865385 0.584135 0.269231 0.105769
