2 0.558894 0.509615 0.0264423 0.0144231
0 0.942308 0.545673 0.0240385 0.0721154
2 0.628606 0.526442 0.0456731 0.0336538
2 0.581731 0.512019 0.0288462 0.0192308
2 0.567308 0.510817 0.0240385 0.0168269
2 0.664663 0.53125 0.0504808 0.0288462
2 0.705529 0.539663 0.0600962 0.0360577
2 0.461538 0.496394 0.0288462 0.0216346
9 0.340144 0.442308 0.0216346 0.0288462
2 0.59375 0.518029 0.0336538 0.0264423
2 0.643029 0.530048 0.0456731 0.0360577
9 0.199519 0.484375 0.0192308 0.0216346
9 0.949519 0.445913 0.0240385 0.0360577
2 0.426683 0.53726 0.0649038 0.0504808
0 0.423077 0.615385 0.0817308 0.168269
2 0.139423 0.575721 0.278846 0.108173
