0 0.219952 0.532452 0.0216346 0.0697115
2 0.543269 0.501202 0.0288462 0.0120192
9 0.373798 0.445913 0.0216346 0.0264423
2 0.605769 0.509615 0.0240385 0.0144231
9 0.236779 0.480769 0.0168269 0.0240385
1 0.627404 0.55649 0.0192308 0.0360577
0 0.30649 0.53125 0.0216346 0.0625
2 0.616587 0.510817 0.0264423 0.0168269
0 0.965144 0.532452 0.0264423 0.09375
2 0.591346 0.509615 0.0240385 0.0192308
0 0.342548 0.528846 0.0168269 0.0528846
2 0.489183 0.502404 0.03125 0.0336538
2 0.670673 0.528846 0.0432692 0.0336538
9 0.966346 0.444712 0.0240385 0.0384615
0 0.195913 0.540865 0.0264423 0.0721154
2 0.721154 0.53726 0.0769231 0.0408654
2 0.456731 0.534856 0.0528846 0.0504808
5 0.0709135 0.516827 0.141827 0.206731
