2 0.629808 0.507212 0.0288462 0.0144231
0 0.00600962 0.584135 0.0120192 0.0961538
2 0.608173 0.507212 0.0240385 0.0144231
2 0.983173 0.75601 0.0336538 0.146635
2 0.671875 0.521635 0.0408654 0.0336538
0 0.344952 0.526442 0.0168269 0.0384615
2 0.71875 0.530048 0.0625 0.0360577
2 0.512019 0.49399 0.0240385 0.0216346
2 0.685096 0.52524 0.0432692 0.03125
9 0.408654 0.447115 0.0192308 0.0240385
9 0.94351 0.444712 0.0216346 0.0288462
0 0.938702 0.526442 0.03125 0.0817308
2 0.0997596 0.540865 0.09375 0.0432692
0 0.252404 0.534856 0.0240385 0.0600962
0 0.548077 0.53125 0.0192308 0.0576923
2 0.0372596 0.784856 0.0745192 0.09375
2 0.481971 0.53125 0.0504808 0.0480769
