0 0.225962 0.549279 0.0192308 0.0504808
2 0.592548 0.515625 0.0360577 0.0216346
0 0.0252404 0.555288 0.0216346 0.0432692
2 0.582933 0.513221 0.0264423 0.0216346
2 0.705529 0.540865 0.0649038 0.0384615
2 0.641827 0.52524 0.0480769 0.0264423
2 0.566106 0.510817 0.0216346 0.0168269
2 0.463942 0.502404 0.0336538 0.0288462
9 0.340144 0.442308 0.0216346 0.0288462
9 0.199519 0.484375 0.0192308 0.0216346
0 0.651442 0.585337 0.0769231 0.127404
0 0.94351 0.534856 0.03125 0.09375
9 0.949519 0.445913 0.0240385 0.0360577
0 0.293269 0.544471 0.0240385 0.0697115
0 0.340144 0.658654 0.0793269 0.235577
0 0.135817 0.544471 0.03125 0.0745192
1 0.651442 0.617788 0.149038 0.0961538
2 0.426683 0.538462 0.0649038 0.0528846
0 0.0793269 0.603365 0.0576923 0.168269
