2 0.641827 0.509615 0.0240385 0.0144231
2 0.578125 0.502404 0.0264423 0.0144231
2 0.61899 0.508413 0.03125 0.0168269
2 0.632212 0.508413 0.0288462 0.0168269
9 0.413462 0.447115 0.0192308 0.0240385
2 0.705529 0.528846 0.0360577 0.0288462
0 0.959135 0.530048 0.0288462 0.0841346
2 0.104567 0.543269 0.0985577 0.0480769
2 0.739183 0.536058 0.0649038 0.0384615
2 0.691106 0.526442 0.0408654 0.0288462
9 0.959135 0.445913 0.0192308 0.03125
0 0.257212 0.536058 0.0240385 0.0673077
2 0.487981 0.532452 0.0576923 0.0504808
