2 0.542067 0.501202 0.0216346 0.0120192
2 0.485577 0.503606 0.0288462 0.03125
9 0.234375 0.481971 0.0120192 0.0264423
2 0.606971 0.510817 0.03125 0.0168269
0 0.33774 0.528846 0.0168269 0.0480769
2 0.585337 0.509615 0.0216346 0.0192308
0 0.960337 0.536058 0.03125 0.0865385
1 0.61899 0.555288 0.03125 0.0384615
9 0.371394 0.442308 0.0216346 0.0288462
2 0.669471 0.528846 0.0456731 0.0336538
9 0.965144 0.444712 0.0264423 0.0384615
2 0.71875 0.538462 0.0769231 0.0432692
2 0.451923 0.534856 0.0576923 0.0504808
5 0.0877404 0.516827 0.175481 0.206731
