2 0.604567 0.522837 0.0264423 0.03125
2 0.503606 0.50601 0.0264423 0.0168269
0 0.942308 0.546875 0.0240385 0.0697115
2 0.695913 0.539663 0.0745192 0.0360577
2 0.461538 0.502404 0.0336538 0.0288462
2 0.584135 0.514423 0.0288462 0.0240385
24 0.269231 0.551683 0.0480769 0.0360577
2 0.566106 0.512019 0.0264423 0.0192308
9 0.341346 0.442308 0.0192308 0.0288462
2 0.594952 0.519231 0.0360577 0.0288462
2 0.634615 0.527644 0.0432692 0.0360577
0 0.227163 0.549279 0.0216346 0.0552885
0 0.147837 0.549279 0.0264423 0.0649038
9 0.199519 0.484375 0.0192308 0.0216346
2 0.655048 0.532452 0.0552885 0.0360577
9 0.948317 0.445913 0.0216346 0.0360577
0 0.301683 0.591346 0.09375 0.125
1 0.307692 0.621394 0.149038 0.0841346
2 0.426683 0.540865 0.0649038 0.0528846
0 0.104567 0.609375 0.0745192 0.165865
