0 0.188702 0.617788 0.151442 0.0961538
0 0.891827 0.545673 0.0240385 0.0480769
0 0.322115 0.536058 0.0144231 0.0432692
2 0.461538 0.495192 0.0288462 0.0192308
0 0.942308 0.546875 0.0240385 0.0697115
2 0.604567 0.519231 0.03125 0.0288462
2 0.584135 0.513221 0.0288462 0.0216346
2 0.59375 0.518029 0.0336538 0.0264423
0 0.227163 0.548077 0.0216346 0.0576923
2 0.567308 0.510817 0.0240385 0.0168269
2 0.638221 0.527644 0.0408654 0.0360577
0 0.183894 0.579327 0.0697115 0.125
2 0.706731 0.540865 0.0625 0.0384615
9 0.340144 0.442308 0.0216346 0.0288462
0 0.293269 0.546875 0.0240385 0.0649038
2 0.655048 0.53125 0.0552885 0.0336538
9 0.199519 0.484375 0.0192308 0.0216346
9 0.949519 0.445913 0.0240385 0.0360577
1 0.199519 0.616587 0.129808 0.09375
0 0.133413 0.604567 0.0552885 0.170673
2 0.426683 0.538462 0.0649038 0.0528846
