2 0.644231 0.509615 0.0288462 0.0192308
2 0.65625 0.509615 0.0384615 0.0192308
2 0.528846 0.496394 0.0288462 0.0168269
0 0.387019 0.530048 0.0144231 0.0408654
9 0.415865 0.451923 0.0192308 0.0288462
2 0.622596 0.509615 0.0240385 0.0192308
0 0.978365 0.534856 0.0240385 0.0793269
2 0.104567 0.545673 0.0985577 0.0480769
9 0.97476 0.44351 0.0168269 0.03125
2 0.489183 0.533654 0.0600962 0.0528846
2 0.75 0.534856 0.0625 0.0360577
2 0.706731 0.527644 0.0480769 0.03125
0 0.257212 0.538462 0.0240385 0.0673077
