1 0.0204327 0.55649 0.0360577 0.0408654
2 0.558894 0.510817 0.0264423 0.0168269
2 0.600962 0.519231 0.0480769 0.0288462
0 0.0192308 0.549279 0.0336538 0.0600962
2 0.83774 0.555288 0.0889423 0.0528846
2 0.638221 0.52524 0.0504808 0.03125
2 0.503606 0.504808 0.0264423 0.0192308
2 0.46274 0.496394 0.0264423 0.0216346
2 0.567308 0.512019 0.0240385 0.0192308
0 0.152644 0.549279 0.0264423 0.0600962
1 0.237981 0.554087 0.0432692 0.0456731
2 0.584135 0.514423 0.0288462 0.0240385
9 0.199519 0.483173 0.0192308 0.0192308
2 0.703125 0.542067 0.0697115 0.0408654
2 0.65625 0.53125 0.0625 0.0336538
9 0.341346 0.44351 0.0192308 0.0264423
9 0.950721 0.444712 0.0264423 0.0384615
2 0.426683 0.539663 0.0649038 0.0552885
2 0.924279 0.591346 0.151442 0.100962
0 0.808894 0.615385 0.0841346 0.168269
