2 0.706731 0.540865 0.0576923 0.0336538
2 0.582933 0.513221 0.03125 0.0216346
2 0.461538 0.495192 0.0288462 0.0240385
0 0.146635 0.548077 0.0240385 0.0625
2 0.664663 0.53125 0.0504808 0.0288462
2 0.594952 0.515625 0.0360577 0.0264423
0 0.94351 0.544471 0.0264423 0.0745192
2 0.566106 0.512019 0.0264423 0.0192308
9 0.340144 0.442308 0.0216346 0.0288462
0 0.227163 0.549279 0.0216346 0.0552885
2 0.645433 0.530048 0.0600962 0.0360577
0 0.0252404 0.673077 0.0504808 0.269231
9 0.199519 0.484375 0.0192308 0.0216346
9 0.950721 0.445913 0.0216346 0.0360577
0 0.340144 0.586538 0.0793269 0.120192
1 0.347356 0.617788 0.165865 0.0913462
2 0.427885 0.539663 0.0673077 0.0552885
0 0.0997596 0.611779 0.0649038 0.165865
