2 0.463942 0.502404 0.0336538 0.0288462
0 0.0192308 0.551683 0.0336538 0.0552885
2 0.503606 0.50601 0.0264423 0.0168269
2 0.592548 0.516827 0.0408654 0.0240385
2 0.566106 0.509615 0.0264423 0.0144231
2 0.638221 0.524038 0.0552885 0.0240385
0 0.225962 0.550481 0.0192308 0.0528846
9 0.199519 0.484375 0.0192308 0.0216346
0 0.941106 0.548077 0.0264423 0.0673077
9 0.340144 0.442308 0.0216346 0.0288462
0 0.258413 0.539663 0.0264423 0.0697115
9 0.950721 0.445913 0.0264423 0.0360577
0 0.153846 0.548077 0.0288462 0.0673077
2 0.427885 0.539663 0.0625 0.0552885
2 0.703125 0.58774 0.319712 0.108173
0 0.877404 0.616587 0.0913462 0.175481
