0 0.84976 0.519231 0.0120192 0.0288462
0 0.0264423 0.554087 0.0240385 0.0456731
2 0.46274 0.496394 0.03125 0.0216346
2 0.705529 0.540865 0.0600962 0.0384615
2 0.603365 0.520433 0.0288462 0.03125
9 0.200721 0.481971 0.0168269 0.0216346
2 0.582933 0.514423 0.0264423 0.0240385
2 0.566106 0.512019 0.0216346 0.0192308
2 0.59375 0.518029 0.0336538 0.0264423
2 0.635817 0.527644 0.0408654 0.0360577
9 0.340144 0.442308 0.0216346 0.0288462
0 0.890625 0.527644 0.0168269 0.0456731
2 0.653846 0.53125 0.0528846 0.0336538
0 0.201923 0.548077 0.0240385 0.0625
9 0.949519 0.445913 0.0240385 0.0360577
0 0.286058 0.545673 0.0240385 0.0673077
0 0.0757212 0.548077 0.03125 0.0769231
0 0.949519 0.628606 0.0817308 0.223558
0 0.122596 0.572115 0.0480769 0.134615
2 0.426683 0.539663 0.0649038 0.0552885
