2 0.673077 0.534856 0.0480769 0.0504808
9 0.388221 0.457933 0.0264423 0.0504808
2 0.620192 0.509615 0.0336538 0.0192308
2 0.63101 0.513221 0.0408654 0.0264423
0 0.0853365 0.550481 0.0216346 0.0432692
0 0.353365 0.528846 0.0144231 0.0480769
9 0.251202 0.483173 0.0168269 0.0240385
2 0.604567 0.509615 0.03125 0.0192308
0 0.299279 0.533654 0.0216346 0.0576923
0 0.536058 0.534856 0.0192308 0.0504808
2 0.502404 0.501202 0.0288462 0.0264423
9 0.389423 0.444712 0.0192308 0.0288462
0 0.975962 0.536058 0.0240385 0.0817308
2 0.685096 0.526442 0.0528846 0.0336538
9 0.971154 0.445913 0.0240385 0.0408654
5 0.0216346 0.513221 0.0432692 0.170673
2 0.463942 0.533654 0.0673077 0.0528846
2 0.728365 0.538462 0.0817308 0.0432692
