2 0.581731 0.512019 0.0288462 0.0192308
1 0.0192308 0.555288 0.0384615 0.0432692
2 0.503606 0.50601 0.0264423 0.0168269
2 0.592548 0.514423 0.0360577 0.0192308
0 0.0204327 0.551683 0.0360577 0.0552885
0 0.0564904 0.527644 0.0168269 0.0504808
0 0.227163 0.549279 0.0216346 0.0552885
0 0.257212 0.538462 0.0240385 0.0721154
2 0.567308 0.510817 0.0240385 0.0168269
2 0.646635 0.528846 0.0673077 0.0336538
9 0.342548 0.44351 0.0216346 0.03125
9 0.199519 0.483173 0.0192308 0.0192308
0 0.941106 0.548077 0.0264423 0.0673077
0 0.155048 0.546875 0.0264423 0.0697115
9 0.949519 0.444712 0.0240385 0.0384615
2 0.426683 0.539663 0.0649038 0.0552885
2 0.722356 0.586538 0.247596 0.100962
0 0.872596 0.620192 0.0913462 0.168269
