2 0.461538 0.496394 0.0288462 0.0216346
0 0.251202 0.540865 0.0216346 0.0625
2 0.515625 0.507212 0.0264423 0.0144231
0 0.227163 0.549279 0.0216346 0.0504808
2 0.627404 0.526442 0.0480769 0.0336538
2 0.69351 0.539663 0.0745192 0.0360577
2 0.603365 0.520433 0.0288462 0.03125
2 0.566106 0.510817 0.0216346 0.0168269
0 0.942308 0.545673 0.0240385 0.0721154
2 0.665865 0.532452 0.0480769 0.03125
2 0.592548 0.518029 0.0360577 0.0264423
2 0.584135 0.514423 0.0288462 0.0240385
9 0.341346 0.442308 0.0192308 0.0288462
2 0.644231 0.530048 0.0432692 0.0360577
0 0.152644 0.550481 0.0264423 0.0576923
9 0.199519 0.484375 0.0192308 0.0216346
9 0.949519 0.445913 0.0240385 0.0360577
2 0.426683 0.538462 0.0649038 0.0528846
0 0.555288 0.611779 0.0721154 0.170673
