7 0.705529 0.504808 0.141827 0.105769
26 0.646635 0.634615 0.0336538 0.0384615
0 0.905048 0.518029 0.0168269 0.0504808
9 0.509615 0.457933 0.0240385 0.0264423
2 0.311298 0.512019 0.141827 0.0432692
0 0.0913462 0.539663 0.0240385 0.0649038
2 0.304087 0.539663 0.170673 0.0985577
2 0.425481 0.513221 0.0913462 0.0408654
2 0.855769 0.538462 0.105769 0.0480769
0 0.132212 0.560096 0.0384615 0.100962
12 0.169471 0.65024 0.0456731 0.112981
0 0.628606 0.59976 0.0504808 0.146635
0 0.515625 0.597356 0.0600962 0.185096
10 0.40625 0.758413 0.0721154 0.127404
