2 0.584135 0.513221 0.0288462 0.0216346
2 0.461538 0.5 0.0336538 0.0288462
0 0.294471 0.544471 0.0216346 0.0697115
2 0.707933 0.540865 0.0552885 0.0384615
2 0.665865 0.53125 0.0480769 0.0288462
2 0.567308 0.510817 0.0240385 0.0168269
2 0.594952 0.516827 0.0360577 0.0288462
9 0.341346 0.442308 0.0192308 0.0288462
9 0.199519 0.484375 0.0192308 0.0216346
0 0.0685096 0.578125 0.0649038 0.117788
2 0.643029 0.53125 0.0504808 0.0384615
9 0.949519 0.445913 0.0240385 0.0360577
0 0.227163 0.548077 0.0216346 0.0576923
1 0.0757212 0.611779 0.141827 0.09375
2 0.426683 0.538462 0.0649038 0.0528846
0 0.159856 0.608173 0.0793269 0.173077
2 0.949519 0.586538 0.100962 0.105769
