0 0.942308 0.545673 0.0240385 0.0721154
0 0.0204327 0.550481 0.0360577 0.0576923
2 0.461538 0.502404 0.0336538 0.0336538
2 0.664663 0.53125 0.0504808 0.0288462
2 0.582933 0.513221 0.0264423 0.0216346
2 0.59375 0.518029 0.0336538 0.0264423
2 0.566106 0.510817 0.0216346 0.0168269
2 0.704327 0.540865 0.0576923 0.0384615
9 0.340144 0.44351 0.0216346 0.03125
9 0.199519 0.484375 0.0192308 0.0216346
0 0.15625 0.546875 0.0288462 0.0697115
2 0.643029 0.530048 0.0504808 0.0360577
9 0.949519 0.444712 0.0240385 0.0336538
0 0.353365 0.615385 0.0961538 0.163462
2 0.426683 0.533654 0.0697115 0.0432692
2 0.319712 0.578125 0.302885 0.108173
