2 0.581731 0.512019 0.0288462 0.0192308
2 0.557692 0.509615 0.0288462 0.0144231
0 0.152644 0.545673 0.03125 0.0721154
2 0.461538 0.495192 0.0288462 0.0192308
2 0.665865 0.532452 0.0480769 0.03125
2 0.567308 0.510817 0.0240385 0.0168269
2 0.704327 0.540865 0.0625 0.0384615
2 0.59375 0.516827 0.0336538 0.0240385
9 0.341346 0.442308 0.0192308 0.0288462
0 0.0192308 0.56851 0.0384615 0.122596
2 0.643029 0.530048 0.0504808 0.0360577
9 0.199519 0.484375 0.0192308 0.0216346
9 0.950721 0.445913 0.0264423 0.0360577
0 0.293269 0.546875 0.0240385 0.0649038
0 0.227163 0.548077 0.0216346 0.0576923
1 0.0372596 0.616587 0.0745192 0.0841346
2 0.426683 0.540865 0.0649038 0.0528846
0 0.180288 0.610577 0.0576923 0.173077
2 0.908654 0.582933 0.182692 0.108173
