0 0.949519 0.550481 0.0288462 0.0528846
2 0.558894 0.516827 0.0360577 0.0192308
9 0.356971 0.466346 0.0216346 0.0288462
2 0.651442 0.538462 0.0576923 0.0336538
2 0.454327 0.509615 0.0288462 0.0240385
9 0.838942 0.457933 0.0192308 0.0264423
2 0.614183 0.53125 0.0456731 0.0288462
0 0.317308 0.538462 0.0240385 0.0432692
0 0.0168269 0.572115 0.0336538 0.0913462
0 0.215144 0.544471 0.0216346 0.0552885
2 0.423077 0.538462 0.0528846 0.0432692
2 0.876202 0.698317 0.247596 0.257212
2 0.0805288 0.721154 0.161058 0.211538
