2 0.521635 0.501202 0.0288462 0.03125
0 0.342548 0.52524 0.0168269 0.0456731
2 0.643029 0.508413 0.0264423 0.0168269
2 0.0829327 0.544471 0.0889423 0.0456731
0 0.378606 0.528846 0.0168269 0.0480769
0 0.123798 0.545673 0.0216346 0.0432692
2 0.692308 0.520433 0.0336538 0.0264423
9 0.28125 0.480769 0.0144231 0.0240385
2 0.622596 0.508413 0.0192308 0.0168269
9 0.41226 0.445913 0.0216346 0.0264423
0 0.991587 0.530048 0.0168269 0.0889423
0 0.972356 0.53125 0.0264423 0.0865385
9 0.984375 0.449519 0.03125 0.0528846
2 0.746394 0.534856 0.0745192 0.0408654
2 0.485577 0.532452 0.0528846 0.0504808
0 0.24399 0.538462 0.0264423 0.0673077
