0 0.0204327 0.552885 0.0360577 0.0528846
2 0.566106 0.510817 0.0264423 0.0168269
0 0.853365 0.539663 0.0240385 0.0456731
1 0.265625 0.552885 0.03125 0.0480769
0 0.225962 0.551683 0.0192308 0.0552885
9 0.199519 0.484375 0.0192308 0.0216346
2 0.641827 0.528846 0.0625 0.0336538
0 0.3125 0.522837 0.0144231 0.0408654
0 0.942308 0.546875 0.0240385 0.0600962
2 0.697115 0.542067 0.0865385 0.0408654
9 0.341346 0.44351 0.0192308 0.03125
0 0.264423 0.534856 0.0336538 0.0697115
9 0.949519 0.445913 0.0240385 0.0360577
0 0.153846 0.548077 0.0288462 0.0673077
2 0.426683 0.53726 0.0649038 0.0552885
0 0.907452 0.616587 0.0504808 0.175481
2 0.591346 0.586538 0.322115 0.105769
