2 0.675481 0.536058 0.120192 0.0384615
0 0.0192308 0.551683 0.0336538 0.0552885
2 0.461538 0.495192 0.0288462 0.0192308
2 0.585337 0.514423 0.03125 0.0240385
2 0.664663 0.532452 0.0504808 0.03125
0 0.94351 0.546875 0.0264423 0.0697115
2 0.435096 0.52524 0.0673077 0.03125
2 0.566106 0.510817 0.0264423 0.0168269
2 0.705529 0.540865 0.0649038 0.0384615
2 0.59375 0.519231 0.0384615 0.0288462
0 0.153846 0.549279 0.0288462 0.0649038
0 0.227163 0.550481 0.0216346 0.0528846
2 0.644231 0.530048 0.0576923 0.0360577
9 0.340144 0.442308 0.0216346 0.0288462
9 0.199519 0.484375 0.0192308 0.0216346
0 0.331731 0.609375 0.0528846 0.175481
9 0.949519 0.445913 0.0240385 0.0360577
2 0.407452 0.578125 0.310096 0.108173
