9 0.730769 0.338942 0.0144231 0.0240385
2 0.465144 0.501202 0.03125 0.0264423
2 0.508413 0.50601 0.0264423 0.0168269
0 0.251202 0.540865 0.0216346 0.0576923
0 0.0192308 0.551683 0.0336538 0.0552885
2 0.567308 0.509615 0.0240385 0.0192308
0 0.225962 0.550481 0.0192308 0.0480769
2 0.709135 0.540865 0.0528846 0.0336538
2 0.664663 0.53125 0.0504808 0.0288462
2 0.584135 0.514423 0.0288462 0.0240385
9 0.340144 0.442308 0.0216346 0.0288462
0 0.94351 0.549279 0.0264423 0.0649038
0 0.153846 0.551683 0.0240385 0.0552885
2 0.644231 0.530048 0.0528846 0.0360577
9 0.199519 0.483173 0.0192308 0.0192308
9 0.949519 0.445913 0.0240385 0.0360577
2 0.427885 0.539663 0.0673077 0.0552885
0 0.59976 0.610577 0.0600962 0.173077
