2 0.558894 0.510817 0.0216346 0.0168269
0 0.0228365 0.555288 0.0264423 0.0432692
24 0.794471 0.59976 0.0360577 0.0600962
0 0.0889423 0.555288 0.0192308 0.0817308
0 0.213942 0.554087 0.0192308 0.0552885
2 0.46274 0.5 0.03125 0.0288462
2 0.603365 0.519231 0.0288462 0.0288462
2 0.706731 0.540865 0.0576923 0.0384615
2 0.665865 0.53125 0.0480769 0.0288462
0 0.294471 0.543269 0.0216346 0.0673077
9 0.200721 0.481971 0.0168269 0.0264423
2 0.567308 0.512019 0.0240385 0.0192308
2 0.59375 0.516827 0.0336538 0.0240385
2 0.582933 0.513221 0.0264423 0.0216346
9 0.341346 0.442308 0.0192308 0.0288462
2 0.643029 0.53125 0.0456731 0.0384615
0 0.94351 0.53726 0.03125 0.0889423
9 0.949519 0.444712 0.0240385 0.0336538
2 0.425481 0.538462 0.0625 0.0528846
0 0.811298 0.640625 0.0697115 0.213942
0 0.110577 0.585337 0.0576923 0.146635
