2 0.375 0.536058 0.0192308 0.0288462
2 0.504808 0.504808 0.0288462 0.0144231
2 0.627404 0.526442 0.0480769 0.0336538
2 0.603365 0.520433 0.0288462 0.03125
2 0.567308 0.510817 0.0240385 0.0168269
2 0.663462 0.532452 0.0528846 0.03125
0 0.227163 0.549279 0.0216346 0.0552885
9 0.199519 0.483173 0.0192308 0.0192308
2 0.582933 0.514423 0.03125 0.0240385
2 0.592548 0.518029 0.0360577 0.0264423
0 0.941106 0.549279 0.0264423 0.0649038
0 0.263221 0.534856 0.0216346 0.0552885
9 0.341346 0.444712 0.0192308 0.0288462
2 0.703125 0.540865 0.0649038 0.0384615
0 0.155048 0.545673 0.03125 0.0721154
2 0.644231 0.530048 0.0480769 0.0360577
9 0.949519 0.444712 0.0240385 0.0336538
2 0.425481 0.538462 0.0625 0.0528846
