2 0.628606 0.526442 0.0456731 0.0336538
0 0.942308 0.544471 0.0288462 0.0745192
2 0.603365 0.520433 0.0288462 0.03125
2 0.582933 0.513221 0.0264423 0.0216346
2 0.461538 0.503606 0.0336538 0.03125
2 0.703125 0.538462 0.0600962 0.0384615
2 0.567308 0.512019 0.0240385 0.0192308
2 0.664663 0.532452 0.0504808 0.03125
0 0.225962 0.549279 0.0192308 0.0504808
2 0.591346 0.518029 0.0336538 0.0264423
9 0.340144 0.44351 0.0216346 0.03125
9 0.199519 0.484375 0.0192308 0.0216346
2 0.643029 0.530048 0.0456731 0.0360577
9 0.950721 0.445913 0.0264423 0.0360577
0 0.260817 0.540865 0.0216346 0.0673077
2 0.423077 0.53726 0.0576923 0.0504808
0 0.439904 0.608173 0.0769231 0.182692
2 0.100962 0.573317 0.197115 0.108173
