2 0.0961538 0.543269 0.0961538 0.0432692
2 0.629808 0.514423 0.0336538 0.0240385
2 0.620192 0.512019 0.0240385 0.0192308
0 0.921875 0.533654 0.0264423 0.0673077
2 0.5 0.495192 0.0240385 0.0192308
0 0.992788 0.539663 0.0144231 0.0697115
2 0.605769 0.510817 0.0240385 0.0168269
2 0.689904 0.528846 0.0721154 0.0336538
0 0.926683 0.538462 0.0168269 0.0528846
0 0.00600962 0.585337 0.0120192 0.09375
9 0.921875 0.447115 0.0168269 0.0288462
2 0.711538 0.533654 0.0625 0.0384615
2 0.671875 0.524038 0.0408654 0.0288462
2 0.961538 0.740385 0.0769231 0.177885
0 0.24399 0.539663 0.0264423 0.0649038
2 0.467548 0.53125 0.0552885 0.0480769
2 0.0432692 0.774038 0.0865385 0.115385
