2 0.604567 0.522837 0.0264423 0.03125
2 0.461538 0.502404 0.0336538 0.0336538
2 0.584135 0.514423 0.0288462 0.0240385
9 0.200721 0.480769 0.0168269 0.0288462
2 0.566106 0.512019 0.0216346 0.0192308
2 0.704327 0.540865 0.0625 0.0384615
2 0.653846 0.532452 0.0576923 0.0360577
2 0.596154 0.518029 0.0384615 0.03125
9 0.341346 0.44351 0.0192308 0.03125
0 0.28125 0.549279 0.0240385 0.0600962
0 0.19351 0.549279 0.03125 0.0649038
0 0.94351 0.545673 0.0264423 0.0721154
2 0.635817 0.528846 0.0456731 0.0384615
9 0.949519 0.444712 0.0240385 0.0336538
2 0.426683 0.540865 0.0649038 0.0528846
0 0.0576923 0.548077 0.0288462 0.0817308
0 0.127404 0.56851 0.0480769 0.132212
