2 0.628606 0.526442 0.0456731 0.0336538
2 0.603365 0.520433 0.0288462 0.03125
0 0.94351 0.546875 0.0264423 0.0697115
2 0.706731 0.540865 0.0625 0.0384615
2 0.663462 0.532452 0.0480769 0.03125
0 0.225962 0.550481 0.0192308 0.0528846
2 0.567308 0.512019 0.0240385 0.0192308
9 0.341346 0.442308 0.0192308 0.0288462
2 0.592548 0.519231 0.0360577 0.0288462
2 0.582933 0.514423 0.0264423 0.0240385
0 0.153846 0.544471 0.0288462 0.0745192
9 0.199519 0.484375 0.0192308 0.0216346
2 0.643029 0.530048 0.0456731 0.0360577
9 0.949519 0.445913 0.0240385 0.0360577
0 0.469952 0.604567 0.0552885 0.189904
0 0.258413 0.539663 0.0216346 0.0649038
2 0.425481 0.538462 0.0625 0.0528846
2 0.0612981 0.584135 0.122596 0.0865385
