2 0.679087 0.536058 0.09375 0.0384615
2 0.0192308 0.550481 0.0384615 0.0576923
0 0.94351 0.544471 0.0264423 0.0745192
2 0.603365 0.519231 0.0288462 0.0288462
2 0.460337 0.495192 0.0264423 0.0192308
2 0.567308 0.512019 0.0240385 0.0192308
2 0.637019 0.527644 0.0432692 0.0360577
9 0.341346 0.442308 0.0192308 0.0288462
9 0.198317 0.484375 0.0168269 0.0216346
2 0.703125 0.539663 0.0649038 0.0360577
2 0.584135 0.514423 0.0288462 0.0240385
2 0.652644 0.532452 0.0600962 0.0360577
9 0.950721 0.444712 0.0264423 0.0384615
2 0.426683 0.539663 0.0649038 0.0552885
0 0.364183 0.617788 0.0889423 0.158654
2 0.28125 0.578125 0.3125 0.108173
