2 0.461538 0.495192 0.0288462 0.0192308
2 0.675481 0.53726 0.120192 0.0360577
2 0.463942 0.502404 0.0336538 0.0288462
30 0.512019 0.757212 0.120192 0.0432692
0 0.0240385 0.555288 0.0240385 0.0432692
24 0.510817 0.600962 0.0552885 0.0961538
2 0.706731 0.542067 0.0625 0.0408654
0 0.22476 0.550481 0.0216346 0.0576923
0 0.294471 0.543269 0.0216346 0.0673077
2 0.664663 0.532452 0.0504808 0.03125
2 0.567308 0.512019 0.0240385 0.0192308
2 0.585337 0.514423 0.0264423 0.0240385
2 0.594952 0.518029 0.0360577 0.0264423
9 0.341346 0.442308 0.0192308 0.0288462
9 0.199519 0.481971 0.0192308 0.0264423
0 0.942308 0.545673 0.0288462 0.0769231
2 0.643029 0.530048 0.0552885 0.0360577
0 0.831731 0.590144 0.0721154 0.117788
9 0.949519 0.445913 0.0240385 0.0360577
0 0.122596 0.545673 0.0336538 0.0721154
1 0.834135 0.621394 0.134615 0.0841346
2 0.427885 0.539663 0.0673077 0.0552885
0 0.512019 0.645433 0.110577 0.237981
0 0.0853365 0.600962 0.0552885 0.158654
