2 0.0144231 0.526442 0.0288462 0.0528846
7 0.659856 0.479567 0.233173 0.15625
26 0.647837 0.635817 0.03125 0.0360577
2 0.856971 0.539663 0.103365 0.0456731
1 0.0877404 0.569712 0.03125 0.0673077
2 0.41226 0.513221 0.0745192 0.0408654
0 0.0877404 0.538462 0.0360577 0.0865385
0 0.0865385 0.567308 0.0336538 0.0721154
2 0.157452 0.530048 0.112981 0.0889423
0 0.628606 0.597356 0.0504808 0.151442
12 0.169471 0.65024 0.0456731 0.112981
0 0.518029 0.597356 0.0600962 0.185096
10 0.407452 0.757212 0.0649038 0.134615
