2 0.605769 0.524038 0.0240385 0.0288462
2 0.558894 0.509615 0.0216346 0.0144231
0 0.0204327 0.551683 0.0360577 0.0552885
2 0.461538 0.495192 0.0288462 0.0192308
2 0.584135 0.514423 0.0288462 0.0240385
2 0.706731 0.540865 0.0528846 0.0336538
9 0.200721 0.481971 0.0168269 0.0264423
24 0.713942 0.605769 0.0480769 0.0817308
2 0.566106 0.510817 0.0216346 0.0168269
2 0.59375 0.519231 0.0336538 0.0288462
0 0.295673 0.543269 0.0240385 0.0721154
2 0.634615 0.527644 0.0432692 0.0360577
9 0.341346 0.442308 0.0192308 0.0288462
2 0.65625 0.53125 0.0528846 0.0336538
0 0.942308 0.543269 0.0288462 0.0769231
9 0.948317 0.445913 0.0216346 0.0360577
2 0.426683 0.539663 0.0649038 0.0504808
0 0.725962 0.643029 0.0865385 0.21875
0 0.106971 0.585337 0.0552885 0.146635
