0 0.942308 0.546875 0.0240385 0.0697115
2 0.377404 0.53726 0.0192308 0.0360577
2 0.516827 0.507212 0.0288462 0.0144231
2 0.461538 0.495192 0.0288462 0.0240385
0 0.227163 0.546875 0.0216346 0.0552885
0 0.0204327 0.551683 0.0360577 0.0552885
0 0.183894 0.539663 0.0216346 0.0649038
2 0.695913 0.538462 0.0841346 0.0432692
2 0.567308 0.512019 0.0240385 0.0192308
0 0.252404 0.540865 0.0240385 0.0625
2 0.584135 0.515625 0.0288462 0.0264423
0 0.152644 0.549279 0.0264423 0.0600962
9 0.341346 0.441106 0.0192308 0.0264423
2 0.635817 0.527644 0.0456731 0.0360577
2 0.592548 0.519231 0.0360577 0.0288462
9 0.199519 0.483173 0.0192308 0.0192308
2 0.655048 0.53125 0.0649038 0.0384615
9 0.950721 0.444712 0.0264423 0.0384615
2 0.426683 0.539663 0.0649038 0.0552885
0 0.534856 0.611779 0.0600962 0.170673
