2 0.460337 0.50601 0.03125 0.0360577
2 0.664663 0.526442 0.0504808 0.0240385
0 0.0252404 0.555288 0.0264423 0.0432692
0 0.134615 0.543269 0.0288462 0.0673077
9 0.200721 0.481971 0.0168269 0.0264423
2 0.707933 0.539663 0.0600962 0.0360577
2 0.604567 0.521635 0.0264423 0.0288462
2 0.461538 0.495192 0.0288462 0.0192308
2 0.592548 0.518029 0.03125 0.0264423
2 0.567308 0.510817 0.0240385 0.0168269
0 0.114183 0.538462 0.03125 0.0673077
2 0.582933 0.514423 0.0264423 0.0240385
2 0.643029 0.526442 0.0552885 0.0288462
9 0.340144 0.442308 0.0216346 0.0288462
0 0.960337 0.58774 0.0745192 0.108173
9 0.950721 0.444712 0.0264423 0.0384615
1 0.953125 0.61899 0.09375 0.0889423
0 0.221154 0.550481 0.0240385 0.0625
0 0.641827 0.638221 0.129808 0.237981
2 0.426683 0.539663 0.0649038 0.0552885
0 0.0973558 0.594952 0.0552885 0.151442
