2 0.606971 0.510817 0.0264423 0.0168269
9 0.270433 0.485577 0.0168269 0.0192308
2 0.528846 0.510817 0.0240385 0.0168269
9 0.909856 0.451923 0.0168269 0.0288462
2 0.674279 0.532452 0.0360577 0.03125
2 0.590144 0.509615 0.0264423 0.0144231
0 0.372596 0.526442 0.0240385 0.0528846
9 0.391827 0.451923 0.0192308 0.0192308
2 0.705529 0.536058 0.0600962 0.0384615
2 0.66226 0.527644 0.0456731 0.03125
0 0.237981 0.539663 0.0240385 0.0600962
2 0.461538 0.532452 0.0625 0.0456731
2 0.0504808 0.759615 0.100962 0.139423
2 0.945913 0.736779 0.108173 0.185096
