2 0.567308 0.510817 0.0288462 0.0168269
9 0.358173 0.454327 0.0192308 0.0192308
2 0.555288 0.510817 0.0288462 0.0168269
2 0.459135 0.5 0.0240385 0.0192308
2 0.646635 0.530048 0.0625 0.03125
9 0.846154 0.454327 0.0192308 0.0288462
2 0.617788 0.526442 0.0432692 0.0288462
0 0.965144 0.546875 0.03125 0.0552885
0 0.0144231 0.570913 0.0288462 0.09375
0 0.216346 0.538462 0.0240385 0.0576923
2 0.424279 0.532452 0.0552885 0.0408654
2 0.0757212 0.721154 0.151442 0.211538
2 0.883413 0.698317 0.228365 0.262019
