2 0.558894 0.510817 0.0216346 0.0168269
26 0.986779 0.592548 0.0264423 0.0600962
2 0.461538 0.496394 0.0288462 0.0216346
2 0.603365 0.519231 0.0288462 0.0288462
9 0.200721 0.480769 0.0168269 0.0288462
2 0.663462 0.532452 0.0480769 0.03125
2 0.697115 0.540865 0.0721154 0.0384615
0 0.28125 0.548077 0.0240385 0.0673077
2 0.567308 0.512019 0.0240385 0.0192308
0 0.195913 0.550481 0.0264423 0.0625
2 0.582933 0.514423 0.0264423 0.0240385
0 0.94351 0.544471 0.0264423 0.0745192
9 0.341346 0.441106 0.0192308 0.0264423
2 0.645433 0.53125 0.0456731 0.0384615
9 0.950721 0.444712 0.0264423 0.0384615
0 0.979567 0.644231 0.0408654 0.177885
0 0.0612981 0.544471 0.03125 0.0841346
2 0.427885 0.539663 0.0673077 0.0552885
0 0.125 0.569712 0.0480769 0.134615
