2 0.61899 0.524038 0.0504808 0.0336538
0 0.0192308 0.550481 0.0384615 0.0576923
2 0.566106 0.508413 0.0264423 0.0168269
2 0.676683 0.536058 0.0889423 0.0384615
2 0.498798 0.507212 0.03125 0.0192308
2 0.59375 0.516827 0.0384615 0.0288462
2 0.637019 0.527644 0.0432692 0.0360577
2 0.703125 0.540865 0.0649038 0.0384615
9 0.199519 0.484375 0.0192308 0.0216346
0 0.941106 0.548077 0.0216346 0.0625
0 0.570913 0.538462 0.03125 0.0673077
9 0.341346 0.444712 0.0240385 0.0288462
2 0.653846 0.532452 0.0576923 0.0360577
9 0.949519 0.445913 0.0240385 0.0360577
0 0.153846 0.546875 0.0288462 0.0697115
2 0.427885 0.534856 0.0625 0.0504808
0 0.96274 0.616587 0.0600962 0.165865
2 0.36899 0.585337 0.329327 0.103365
