0 0.320913 0.53726 0.0168269 0.0408654
2 0.461538 0.495192 0.0288462 0.0192308
0 0.0204327 0.551683 0.0360577 0.0552885
0 0.94351 0.53726 0.0264423 0.0889423
2 0.664663 0.532452 0.0504808 0.03125
2 0.582933 0.513221 0.0264423 0.0216346
2 0.706731 0.540865 0.0576923 0.0384615
2 0.567308 0.509615 0.0240385 0.0192308
2 0.594952 0.515625 0.0360577 0.0264423
0 0.151442 0.545673 0.0240385 0.0673077
9 0.340144 0.442308 0.0216346 0.0288462
0 0.293269 0.545673 0.0240385 0.0625
0 0.216346 0.584135 0.0865385 0.115385
9 0.199519 0.484375 0.0192308 0.0216346
2 0.643029 0.53125 0.0504808 0.0384615
9 0.948317 0.445913 0.0216346 0.0360577
1 0.227163 0.617788 0.146635 0.0865385
2 0.426683 0.539663 0.0649038 0.0504808
0 0.123798 0.606971 0.0552885 0.165865
