24 0.508413 0.555288 0.0408654 0.0480769
0 0.0252404 0.555288 0.0216346 0.0432692
24 0.209135 0.605769 0.0480769 0.0769231
2 0.694712 0.538462 0.0769231 0.0384615
0 0.293269 0.545673 0.0240385 0.0673077
2 0.461538 0.496394 0.0288462 0.0216346
2 0.566106 0.512019 0.0264423 0.0192308
2 0.664663 0.532452 0.0504808 0.03125
2 0.584135 0.514423 0.0288462 0.0240385
0 0.941106 0.532452 0.03125 0.0985577
2 0.59375 0.516827 0.0384615 0.0288462
9 0.341346 0.442308 0.0192308 0.0288462
0 0.533654 0.582933 0.0817308 0.122596
2 0.643029 0.530048 0.0552885 0.0360577
9 0.199519 0.484375 0.0192308 0.0216346
9 0.949519 0.445913 0.0240385 0.0360577
0 0.140625 0.544471 0.03125 0.0697115
2 0.426683 0.539663 0.0649038 0.0552885
1 0.540865 0.61899 0.153846 0.0889423
0 0.223558 0.664663 0.115385 0.252404
0 0.078125 0.606971 0.0600962 0.170673
