0 0.0228365 0.554087 0.03125 0.0456731
2 0.46274 0.495192 0.0264423 0.0192308
2 0.503606 0.503606 0.03125 0.0168269
2 0.600962 0.520433 0.0480769 0.03125
0 0.942308 0.549279 0.0240385 0.0649038
2 0.663462 0.532452 0.0480769 0.03125
2 0.567308 0.509615 0.0240385 0.0192308
9 0.199519 0.484375 0.0192308 0.0216346
2 0.584135 0.513221 0.0288462 0.0264423
9 0.340144 0.442308 0.0216346 0.0288462
2 0.703125 0.540865 0.0697115 0.0384615
2 0.645433 0.530048 0.0456731 0.0360577
9 0.950721 0.445913 0.0216346 0.0360577
0 0.984375 0.622596 0.03125 0.158654
2 0.427885 0.538462 0.0625 0.0528846
2 0.204327 0.582933 0.341346 0.103365
