2 0.626202 0.526442 0.0456731 0.0336538
0 0.227163 0.549279 0.0216346 0.0552885
0 0.262019 0.53125 0.0192308 0.0576923
2 0.461538 0.496394 0.0288462 0.0216346
2 0.502404 0.504808 0.0240385 0.0192308
2 0.664663 0.53125 0.0456731 0.0288462
2 0.581731 0.513221 0.0288462 0.0216346
2 0.697115 0.540865 0.0721154 0.0384615
2 0.567308 0.512019 0.0240385 0.0192308
2 0.594952 0.518029 0.0360577 0.0264423
0 0.153846 0.550481 0.0240385 0.0576923
9 0.199519 0.483173 0.0192308 0.0192308
9 0.342548 0.442308 0.0216346 0.0288462
2 0.645433 0.530048 0.0456731 0.0360577
5 0.948317 0.522837 0.103365 0.194712
2 0.425481 0.538462 0.0625 0.0528846
