0 0.384615 0.52524 0.0144231 0.0456731
0 0.980769 0.53125 0.0240385 0.0865385
0 0.331731 0.528846 0.0192308 0.0480769
0 0.341346 0.528846 0.0144231 0.0480769
2 0.527644 0.503606 0.03125 0.03125
9 0.415865 0.447115 0.0192308 0.0192308
2 0.643029 0.509615 0.0264423 0.0192308
9 0.984375 0.445913 0.03125 0.0408654
2 0.623798 0.509615 0.0216346 0.0192308
2 0.75 0.536058 0.0673077 0.0384615
9 0.289663 0.480769 0.0120192 0.0240385
2 0.704327 0.527644 0.0432692 0.03125
2 0.486779 0.532452 0.0504808 0.0504808
0 0.252404 0.53726 0.0240385 0.0649038
