2 0.626202 0.521635 0.0264423 0.0240385
2 0.588942 0.508413 0.0288462 0.0120192
2 0.653846 0.530048 0.0528846 0.03125
2 0.510817 0.50601 0.0264423 0.0168269
2 0.473558 0.501202 0.0288462 0.0264423
0 0.548077 0.536058 0.0192308 0.0480769
9 0.372596 0.453125 0.0192308 0.0216346
9 0.875 0.453125 0.0192308 0.03125
0 0.219952 0.540865 0.0216346 0.0576923
2 0.676683 0.534856 0.0600962 0.0360577
2 0.638221 0.526442 0.0456731 0.0288462
2 0.4375 0.532452 0.0576923 0.0456731
2 0.915865 0.703125 0.168269 0.242788
2 0.0576923 0.745192 0.115385 0.173077
