2 0.686298 0.520433 0.0408654 0.03125
2 0.610577 0.50601 0.0240385 0.0168269
0 0.294471 0.53125 0.0216346 0.0528846
2 0.707933 0.524038 0.0408654 0.0288462
2 0.0697115 0.544471 0.0961538 0.0504808
0 0.234375 0.540865 0.0216346 0.0576923
2 0.0120192 0.543269 0.0240385 0.0384615
2 0.61899 0.508413 0.03125 0.0216346
0 0.980769 0.530048 0.0288462 0.0889423
2 0.63101 0.507212 0.0360577 0.0192308
2 0.519231 0.5 0.0288462 0.0336538
2 0.673077 0.518029 0.0432692 0.03125
9 0.405048 0.448317 0.03125 0.0408654
9 0.984375 0.44351 0.03125 0.0456731
9 0.27524 0.479567 0.0168269 0.0216346
2 0.739183 0.533654 0.0793269 0.0432692
2 0.480769 0.532452 0.0528846 0.0504808
