2 0.657452 0.530048 0.0504808 0.03125
2 0.461538 0.495192 0.0288462 0.0192308
0 0.0204327 0.549279 0.0360577 0.0600962
2 0.604567 0.520433 0.0264423 0.03125
2 0.504808 0.504808 0.0288462 0.0192308
0 0.942308 0.546875 0.0240385 0.0697115
0 0.248798 0.536058 0.0168269 0.0576923
2 0.567308 0.510817 0.0240385 0.0168269
2 0.668269 0.527644 0.0384615 0.0216346
2 0.707933 0.540865 0.0552885 0.0384615
9 0.340144 0.442308 0.0216346 0.0288462
2 0.584135 0.515625 0.0288462 0.0216346
0 0.223558 0.544471 0.0240385 0.0649038
2 0.633413 0.526442 0.0360577 0.0336538
9 0.199519 0.484375 0.0192308 0.0216346
9 0.950721 0.445913 0.0264423 0.0360577
0 0.153846 0.549279 0.0288462 0.0649038
2 0.425481 0.538462 0.0625 0.0528846
0 0.739183 0.614183 0.0793269 0.165865
