0 0.0192308 0.551683 0.0384615 0.0552885
2 0.461538 0.495192 0.0288462 0.0192308
2 0.584135 0.513221 0.0288462 0.0216346
2 0.502404 0.504808 0.0240385 0.0144231
2 0.567308 0.512019 0.0240385 0.0192308
0 0.227163 0.551683 0.0216346 0.0552885
2 0.692308 0.538462 0.0673077 0.0384615
0 0.155048 0.549279 0.0264423 0.0600962
2 0.59375 0.515625 0.0336538 0.0264423
2 0.637019 0.527644 0.0432692 0.0360577
9 0.199519 0.484375 0.0192308 0.0216346
9 0.341346 0.44351 0.0192308 0.0264423
2 0.655048 0.532452 0.0600962 0.0360577
0 0.264423 0.532452 0.0192308 0.0552885
2 0.425481 0.539663 0.0673077 0.0552885
5 0.867788 0.532452 0.264423 0.21875
