2 0.503606 0.50601 0.03125 0.0168269
0 0.0240385 0.555288 0.0240385 0.0480769
26 0.844952 0.592548 0.0360577 0.0600962
2 0.463942 0.501202 0.0336538 0.03125
9 0.199519 0.484375 0.0192308 0.0216346
0 0.293269 0.544471 0.0240385 0.0697115
2 0.567308 0.512019 0.0240385 0.0192308
2 0.665865 0.53125 0.0480769 0.0288462
2 0.707933 0.540865 0.0600962 0.0384615
2 0.592548 0.516827 0.0360577 0.0288462
9 0.340144 0.442308 0.0216346 0.0288462
2 0.584135 0.513221 0.0288462 0.0264423
9 0.949519 0.445913 0.0240385 0.0360577
2 0.643029 0.530048 0.0456731 0.0360577
0 0.944712 0.539663 0.0288462 0.0841346
0 0.0865385 0.548077 0.0240385 0.0817308
2 0.426683 0.538462 0.0649038 0.0528846
0 0.855769 0.629808 0.100962 0.221154
0 0.115385 0.578125 0.0480769 0.141827
