2 0.56851 0.5 0.0168269 0.0144231
2 0.513221 0.49399 0.0264423 0.0216346
2 0.61899 0.508413 0.03125 0.0168269
2 0.669471 0.514423 0.0360577 0.0240385
2 0.63101 0.508413 0.03125 0.0168269
0 0.276442 0.53125 0.0192308 0.0528846
9 0.269231 0.480769 0.0240385 0.0192308
2 0.709135 0.527644 0.0384615 0.03125
9 0.40024 0.44351 0.0216346 0.03125
9 0.983173 0.44351 0.0288462 0.0408654
0 0.979567 0.530048 0.03125 0.09375
2 0.741587 0.53726 0.0745192 0.0408654
2 0.478365 0.532452 0.0576923 0.0504808
0 0.230769 0.538462 0.0240385 0.0625
