2 0.567308 0.509615 0.0288462 0.0192308
2 0.582933 0.513221 0.03125 0.0216346
2 0.697115 0.538462 0.0769231 0.0384615
0 0.0204327 0.550481 0.0360577 0.0576923
9 0.340144 0.442308 0.0216346 0.0288462
0 0.94351 0.543269 0.0264423 0.0769231
0 0.227163 0.550481 0.0216346 0.0528846
2 0.655048 0.530048 0.0649038 0.0360577
9 0.950721 0.444712 0.0264423 0.0384615
0 0.276442 0.543269 0.0192308 0.0673077
9 0.199519 0.484375 0.0192308 0.0216346
0 0.15625 0.548077 0.0288462 0.0673077
0 0.302885 0.606971 0.0673077 0.175481
2 0.497596 0.579327 0.302885 0.110577
