2 0.603365 0.518029 0.0288462 0.0264423
0 0.0204327 0.551683 0.0360577 0.0552885
24 0.657452 0.600962 0.0360577 0.0673077
2 0.69351 0.536058 0.0793269 0.0336538
2 0.664663 0.530048 0.0456731 0.0264423
2 0.46274 0.495192 0.0264423 0.0192308
2 0.566106 0.510817 0.0216346 0.0168269
9 0.200721 0.481971 0.0168269 0.0264423
0 0.979567 0.591346 0.0408654 0.115385
0 0.94351 0.548077 0.0264423 0.0673077
2 0.582933 0.513221 0.0264423 0.0216346
0 0.219952 0.549279 0.0216346 0.0600962
9 0.340144 0.442308 0.0216346 0.0288462
2 0.643029 0.530048 0.0504808 0.0360577
9 0.949519 0.445913 0.0240385 0.0360577
1 0.96875 0.627404 0.0625 0.0721154
2 0.426683 0.538462 0.0600962 0.0528846
0 0.668269 0.637019 0.115385 0.235577
0 0.0997596 0.59375 0.0504808 0.149038
