2 0.643029 0.512019 0.0264423 0.0192308
2 0.524038 0.496394 0.0288462 0.0216346
2 0.669471 0.521635 0.0360577 0.0288462
2 0.622596 0.508413 0.0192308 0.0168269
2 0.689904 0.52524 0.0432692 0.03125
9 0.414663 0.445913 0.0168269 0.0216346
0 0.967548 0.53726 0.0216346 0.0649038
2 0.707933 0.526442 0.0408654 0.0288462
2 0.742788 0.538462 0.0721154 0.0432692
0 0.353365 0.533654 0.0192308 0.0528846
9 0.966346 0.44351 0.0240385 0.03125
2 0.490385 0.53125 0.0576923 0.0528846
0 0.259615 0.536058 0.0240385 0.0673077
