2 0.627404 0.526442 0.0480769 0.0336538
2 0.677885 0.536058 0.0913462 0.0384615
0 0.0240385 0.554087 0.0288462 0.0456731
2 0.602163 0.520433 0.0456731 0.03125
2 0.461538 0.495192 0.0288462 0.0192308
2 0.664663 0.532452 0.0504808 0.03125
2 0.566106 0.512019 0.0264423 0.0192308
2 0.504808 0.503606 0.0288462 0.0168269
0 0.227163 0.550481 0.0168269 0.0528846
2 0.584135 0.514423 0.0288462 0.0240385
2 0.704327 0.540865 0.0625 0.0384615
9 0.199519 0.485577 0.0192308 0.0192308
9 0.341346 0.44351 0.0192308 0.0264423
0 0.262019 0.536058 0.0192308 0.0576923
2 0.644231 0.530048 0.0480769 0.0360577
0 0.941106 0.548077 0.0264423 0.0673077
9 0.949519 0.445913 0.0240385 0.0360577
0 0.153846 0.546875 0.0288462 0.0697115
2 0.426683 0.538462 0.0649038 0.0528846
