2 0.592548 0.513221 0.0456731 0.0216346
2 0.567308 0.513221 0.0288462 0.0216346
0 0.0192308 0.551683 0.0336538 0.0552885
0 0.258413 0.533654 0.0216346 0.0625
0 0.847356 0.542067 0.0264423 0.0456731
0 0.271635 0.53726 0.0240385 0.0697115
2 0.633413 0.526442 0.0552885 0.0336538
0 0.3125 0.520433 0.0144231 0.0360577
2 0.697115 0.539663 0.0769231 0.0360577
9 0.199519 0.484375 0.0192308 0.0216346
0 0.225962 0.550481 0.0192308 0.0528846
2 0.655048 0.532452 0.0649038 0.0360577
9 0.341346 0.442308 0.0192308 0.0288462
9 0.949519 0.445913 0.0240385 0.0360577
0 0.153846 0.548077 0.0288462 0.0673077
2 0.426683 0.532452 0.0600962 0.0408654
0 0.926683 0.614183 0.0600962 0.180288
2 0.539663 0.585337 0.324519 0.103365
