0 0.0985577 0.612981 0.0480769 0.153846
0 0.0264423 0.555288 0.0240385 0.0432692
2 0.582933 0.513221 0.0264423 0.0216346
24 0.0384615 0.625 0.0673077 0.0817308
2 0.461538 0.496394 0.0288462 0.0216346
2 0.706731 0.540865 0.0576923 0.0384615
0 0.942308 0.539663 0.0288462 0.0889423
0 0.918269 0.542067 0.0240385 0.0697115
2 0.664663 0.53125 0.0504808 0.0288462
2 0.566106 0.512019 0.0264423 0.0192308
0 0.225962 0.548077 0.0192308 0.0528846
2 0.59375 0.518029 0.0384615 0.0264423
9 0.340144 0.442308 0.0216346 0.0288462
0 0.293269 0.545673 0.0240385 0.0673077
2 0.641827 0.530048 0.0528846 0.0360577
9 0.199519 0.483173 0.0192308 0.0192308
0 0.378606 0.586538 0.0745192 0.125
9 0.948317 0.445913 0.0216346 0.0360577
0 0.145433 0.546875 0.0264423 0.0649038
2 0.426683 0.538462 0.0649038 0.0528846
1 0.384615 0.61899 0.149038 0.0889423
0 0.0588942 0.668269 0.117788 0.254808
