2 0.46274 0.495192 0.0264423 0.0192308
2 0.567308 0.509615 0.0240385 0.0192308
0 0.560096 0.536058 0.0192308 0.0673077
2 0.581731 0.513221 0.0288462 0.0216346
2 0.626202 0.52524 0.0456731 0.0360577
2 0.502404 0.504808 0.0288462 0.0192308
2 0.604567 0.520433 0.03125 0.03125
2 0.663462 0.532452 0.0480769 0.03125
9 0.199519 0.484375 0.0192308 0.0216346
2 0.592548 0.516827 0.0360577 0.0288462
9 0.340144 0.448317 0.0216346 0.0360577
2 0.701923 0.539663 0.0721154 0.0408654
2 0.644231 0.53125 0.0480769 0.0384615
0 0.942308 0.549279 0.0240385 0.0649038
9 0.949519 0.445913 0.0240385 0.0360577
0 0.983173 0.612981 0.0336538 0.173077
2 0.426683 0.536058 0.0649038 0.0480769
2 0.259615 0.585337 0.336538 0.103365
