2 0.461538 0.495192 0.0288462 0.0192308
2 0.558894 0.510817 0.0216346 0.0168269
0 0.225962 0.550481 0.0192308 0.0528846
10 0.941106 0.546875 0.0264423 0.0649038
2 0.50601 0.504808 0.0360577 0.0192308
9 0.199519 0.484375 0.0192308 0.0216346
0 0.528846 0.536058 0.0192308 0.0576923
2 0.567308 0.510817 0.0240385 0.0168269
2 0.582933 0.514423 0.0264423 0.0240385
0 0.941106 0.546875 0.0264423 0.0697115
2 0.703125 0.540865 0.0697115 0.0384615
2 0.635817 0.528846 0.0456731 0.0384615
2 0.59375 0.519231 0.0336538 0.0288462
0 0.260817 0.533654 0.0216346 0.0576923
2 0.653846 0.532452 0.0625 0.0360577
9 0.341346 0.44351 0.0240385 0.03125
0 0.316106 0.539663 0.0264423 0.0697115
0 0.152644 0.548077 0.0264423 0.0673077
9 0.949519 0.444712 0.0240385 0.0336538
2 0.426683 0.538462 0.0649038 0.0528846
2 0.0576923 0.591346 0.115385 0.0817308
