2 0.46274 0.495192 0.0264423 0.0192308
2 0.692308 0.538462 0.0721154 0.0336538
0 0.0204327 0.551683 0.0360577 0.0552885
2 0.566106 0.510817 0.0216346 0.0168269
0 0.227163 0.548077 0.0216346 0.0528846
0 0.152644 0.551683 0.0264423 0.0552885
0 0.942308 0.546875 0.0240385 0.0697115
2 0.584135 0.513221 0.0288462 0.0216346
9 0.341346 0.442308 0.0192308 0.0288462
2 0.65625 0.532452 0.0576923 0.0360577
9 0.198317 0.483173 0.0168269 0.0192308
9 0.949519 0.444712 0.0240385 0.0336538
2 0.427885 0.539663 0.0673077 0.0552885
0 0.610577 0.610577 0.0480769 0.173077
