2 0.605769 0.522837 0.0240385 0.03125
0 0.0264423 0.555288 0.0240385 0.0432692
0 0.294471 0.544471 0.0216346 0.0649038
2 0.463942 0.501202 0.0336538 0.03125
2 0.584135 0.513221 0.0288462 0.0216346
24 0.467548 0.612981 0.0408654 0.0817308
9 0.199519 0.484375 0.0192308 0.0216346
2 0.566106 0.512019 0.0216346 0.0192308
0 0.225962 0.552885 0.0192308 0.0528846
2 0.594952 0.518029 0.0360577 0.0264423
2 0.653846 0.53125 0.0528846 0.0336538
2 0.707933 0.540865 0.0552885 0.0384615
9 0.341346 0.442308 0.0192308 0.0288462
0 0.942308 0.543269 0.0288462 0.0769231
0 0.795673 0.590144 0.0769231 0.117788
2 0.637019 0.527644 0.0432692 0.0360577
9 0.949519 0.444712 0.0240385 0.0336538
0 0.126202 0.545673 0.03125 0.0721154
2 0.426683 0.538462 0.0649038 0.0528846
1 0.796875 0.620192 0.132212 0.0913462
0 0.487981 0.653846 0.0913462 0.230769
0 0.0805288 0.59976 0.0552885 0.15625
