2 0.56851 0.510817 0.0264423 0.0168269
2 0.59375 0.522837 0.0432692 0.03125
0 0.855769 0.536058 0.0192308 0.0576923
9 0.358173 0.456731 0.0192308 0.0336538
2 0.460337 0.501202 0.0264423 0.0216346
9 0.852163 0.455529 0.0168269 0.03125
0 0.0108173 0.581731 0.0216346 0.0865385
2 0.661058 0.534856 0.0528846 0.0360577
0 0.300481 0.536058 0.0240385 0.0432692
0 0.97476 0.545673 0.0264423 0.0576923
0 0.21274 0.53726 0.0264423 0.0552885
2 0.621394 0.527644 0.0504808 0.03125
2 0.429087 0.533654 0.0552885 0.0432692
2 0.0685096 0.72476 0.137019 0.199519
2 0.890625 0.699519 0.213942 0.259615
