2 0.581731 0.513221 0.0336538 0.0216346
2 0.622596 0.524038 0.0528846 0.0336538
0 0.0264423 0.555288 0.0192308 0.0432692
2 0.463942 0.502404 0.0384615 0.0288462
2 0.604567 0.520433 0.03125 0.03125
2 0.566106 0.510817 0.0264423 0.0168269
2 0.664663 0.534856 0.0504808 0.0360577
0 0.225962 0.551683 0.0192308 0.0649038
9 0.340144 0.44351 0.0216346 0.03125
2 0.694712 0.539663 0.0769231 0.0408654
24 0.252404 0.606971 0.0528846 0.0649038
0 0.566106 0.584135 0.09375 0.120192
0 0.942308 0.540865 0.0288462 0.0817308
2 0.644231 0.530048 0.0576923 0.0360577
9 0.199519 0.484375 0.0192308 0.0216346
9 0.949519 0.444712 0.0240385 0.0336538
0 0.139423 0.544471 0.0288462 0.0697115
2 0.427885 0.539663 0.0673077 0.0552885
1 0.576923 0.61899 0.153846 0.09375
0 0.078125 0.605769 0.0552885 0.168269
0 0.259615 0.653846 0.125 0.254808
