2 0.675481 0.538462 0.115385 0.0384615
2 0.604567 0.524038 0.0264423 0.0288462
2 0.560096 0.509615 0.0240385 0.0144231
2 0.461538 0.496394 0.0288462 0.0216346
0 0.153846 0.549279 0.0240385 0.0600962
0 0.225962 0.549279 0.0192308 0.0552885
2 0.664663 0.53125 0.0504808 0.0288462
2 0.566106 0.512019 0.0264423 0.0192308
9 0.340144 0.442308 0.0216346 0.0288462
2 0.704327 0.539663 0.0576923 0.0408654
2 0.584135 0.514423 0.0288462 0.0240385
2 0.59375 0.519231 0.0336538 0.0288462
2 0.641827 0.530048 0.0528846 0.0360577
9 0.199519 0.484375 0.0192308 0.0216346
9 0.949519 0.445913 0.0240385 0.0360577
0 0.257212 0.536058 0.0240385 0.0673077
2 0.425481 0.538462 0.0625 0.0528846
0 0.486779 0.612981 0.0793269 0.173077
2 0.0432692 0.586538 0.0865385 0.0769231
