2 0.566106 0.512019 0.03125 0.0192308
2 0.591346 0.516827 0.0432692 0.0288462
0 0.0216346 0.551683 0.0336538 0.0552885
2 0.698317 0.538462 0.0841346 0.0384615
2 0.427885 0.532452 0.0625 0.0408654
2 0.653846 0.53125 0.0673077 0.0384615
9 0.340144 0.442308 0.0216346 0.0288462
0 0.942308 0.545673 0.0288462 0.0721154
0 0.227163 0.550481 0.0216346 0.0528846
9 0.199519 0.484375 0.0192308 0.0216346
0 0.153846 0.548077 0.0288462 0.0673077
9 0.949519 0.444712 0.0240385 0.0336538
0 0.293269 0.608173 0.0817308 0.177885
2 0.539663 0.579327 0.300481 0.110577
