2 0.558894 0.510817 0.0264423 0.0168269
2 0.461538 0.495192 0.0240385 0.0192308
0 0.0180288 0.552885 0.03125 0.0528846
2 0.691106 0.538462 0.0745192 0.0336538
2 0.503606 0.504808 0.0264423 0.0192308
2 0.637019 0.527644 0.0432692 0.0360577
2 0.582933 0.513221 0.0264423 0.0216346
0 0.228365 0.550481 0.0192308 0.0528846
2 0.59375 0.513221 0.0336538 0.0216346
2 0.567308 0.510817 0.0240385 0.0168269
2 0.852163 0.610577 0.0889423 0.163462
0 0.942308 0.548077 0.0240385 0.0673077
9 0.199519 0.483173 0.0192308 0.0192308
9 0.341346 0.442308 0.0192308 0.0288462
0 0.153846 0.548077 0.0288462 0.0673077
2 0.653846 0.533654 0.0721154 0.0384615
9 0.949519 0.445913 0.0240385 0.0360577
2 0.807692 0.588942 0.317308 0.105769
2 0.426683 0.538462 0.0649038 0.0528846
0 0.854567 0.612981 0.0697115 0.177885
