2 0.663462 0.53125 0.0480769 0.0288462
2 0.582933 0.513221 0.0264423 0.0216346
2 0.50601 0.504808 0.03125 0.0192308
0 0.942308 0.545673 0.0240385 0.0721154
0 0.533654 0.538462 0.0192308 0.0673077
2 0.567308 0.512019 0.0240385 0.0192308
0 0.227163 0.549279 0.0168269 0.0504808
0 0.153846 0.546875 0.0288462 0.0649038
2 0.697115 0.539663 0.0769231 0.0360577
2 0.592548 0.518029 0.0360577 0.0264423
9 0.199519 0.483173 0.0192308 0.0192308
9 0.341346 0.442308 0.0192308 0.0288462
2 0.644231 0.530048 0.0480769 0.0360577
0 0.3125 0.539663 0.0288462 0.0697115
9 0.949519 0.445913 0.0240385 0.0360577
0 0.260817 0.533654 0.0216346 0.0625
2 0.426683 0.538462 0.0649038 0.0528846
2 0.0805288 0.584135 0.161058 0.100962
