0 0.0204327 0.548077 0.03125 0.0625
2 0.580529 0.513221 0.0264423 0.0168269
2 0.461538 0.495192 0.0288462 0.0192308
2 0.503606 0.504808 0.0264423 0.0192308
2 0.639423 0.52524 0.0432692 0.03125
0 0.245192 0.539663 0.0240385 0.0649038
9 0.199519 0.484375 0.0192308 0.0216346
2 0.567308 0.510817 0.0240385 0.0168269
2 0.592548 0.516827 0.0360577 0.0240385
2 0.704327 0.539663 0.0625 0.0360577
9 0.341346 0.444712 0.0192308 0.0288462
2 0.65625 0.532452 0.0625 0.0360577
0 0.153846 0.546875 0.0288462 0.0649038
9 0.949519 0.445913 0.0240385 0.0360577
2 0.426683 0.539663 0.0649038 0.0552885
0 0.826923 0.615385 0.0576923 0.168269
2 0.919471 0.590144 0.161058 0.0985577
