2 0.460337 0.50601 0.03125 0.0360577
2 0.497596 0.504808 0.0288462 0.0192308
2 0.604567 0.522837 0.0456731 0.03125
36 0.71274 0.676683 0.0360577 0.0408654
2 0.46274 0.496394 0.0264423 0.0216346
2 0.582933 0.513221 0.0264423 0.0216346
2 0.567308 0.510817 0.0240385 0.0168269
2 0.697115 0.532452 0.0576923 0.0264423
2 0.592548 0.518029 0.03125 0.0264423
9 0.341346 0.442308 0.0192308 0.0288462
9 0.199519 0.484375 0.0192308 0.0216346
0 0.153846 0.548077 0.0288462 0.0625
0 0.94351 0.546875 0.0264423 0.0697115
2 0.645433 0.530048 0.0456731 0.0360577
9 0.949519 0.445913 0.0240385 0.0360577
0 0.700721 0.609375 0.0552885 0.175481
2 0.426683 0.538462 0.0649038 0.0528846
