2 0.58774 0.501202 0.0264423 0.0168269
2 0.692308 0.524038 0.0432692 0.0288462
2 0.527644 0.501202 0.03125 0.0264423
2 0.746394 0.533654 0.0649038 0.0384615
2 0.643029 0.508413 0.0264423 0.0168269
9 0.415865 0.448317 0.0144231 0.0168269
2 0.622596 0.508413 0.0240385 0.0168269
0 0.967548 0.527644 0.03125 0.0841346
0 0.352163 0.53125 0.0216346 0.0528846
2 0.707933 0.526442 0.0504808 0.0288462
9 0.969952 0.44351 0.0216346 0.0360577
2 0.491587 0.53125 0.0552885 0.0480769
0 0.258413 0.536058 0.0216346 0.0625
