9 0.938702 0.444712 0.0264423 0.0384615
2 0.620192 0.508413 0.0288462 0.0168269
2 0.597356 0.508413 0.0264423 0.0168269
2 0.0805288 0.550481 0.0264423 0.0432692
0 0.317308 0.527644 0.0192308 0.0504808
0 0.350962 0.528846 0.0144231 0.0480769
0 0.206731 0.542067 0.0240385 0.0697115
0 0.296875 0.534856 0.0216346 0.0552885
9 0.383413 0.44351 0.0216346 0.03125
2 0.680288 0.527644 0.0576923 0.0360577
2 0.727163 0.539663 0.0745192 0.0408654
0 0.969952 0.539663 0.0264423 0.0745192
9 0.972356 0.444712 0.0264423 0.0384615
5 0.0384615 0.514423 0.0769231 0.182692
2 0.46274 0.536058 0.0600962 0.0528846
