2 0.461538 0.495192 0.0288462 0.0192308
2 0.629808 0.526442 0.0432692 0.0336538
0 0.941106 0.545673 0.0264423 0.0721154
0 0.538462 0.539663 0.0240385 0.0552885
9 0.199519 0.484375 0.0192308 0.0216346
2 0.663462 0.532452 0.0480769 0.03125
0 0.308894 0.538462 0.0216346 0.0673077
2 0.503606 0.50601 0.0360577 0.0216346
2 0.584135 0.514423 0.0288462 0.0240385
2 0.567308 0.512019 0.0240385 0.0192308
9 0.341346 0.442308 0.0192308 0.0288462
2 0.59375 0.516827 0.0336538 0.0240385
0 0.225962 0.551683 0.0192308 0.0552885
2 0.703125 0.540865 0.0649038 0.0384615
2 0.643029 0.530048 0.0456731 0.0360577
0 0.258413 0.532452 0.0216346 0.0600962
9 0.949519 0.445913 0.0240385 0.0360577
2 0.426683 0.538462 0.0600962 0.0528846
2 0.109375 0.581731 0.213942 0.105769
