2 0.663462 0.532452 0.0480769 0.03125
2 0.59375 0.518029 0.0384615 0.0264423
0 0.0204327 0.551683 0.0360577 0.0552885
2 0.518029 0.548077 0.137019 0.0721154
2 0.566106 0.510817 0.0264423 0.0168269
9 0.199519 0.484375 0.0192308 0.0216346
2 0.429087 0.524038 0.0600962 0.0288462
0 0.225962 0.550481 0.0192308 0.0528846
9 0.341346 0.44351 0.0192308 0.03125
2 0.645433 0.530048 0.0552885 0.0360577
2 0.697115 0.540865 0.0817308 0.0432692
9 0.948317 0.444712 0.0216346 0.0336538
0 0.153846 0.549279 0.0288462 0.0649038
0 0.947115 0.615385 0.0769231 0.168269
2 0.424279 0.585337 0.324519 0.103365
