2 0.608173 0.508413 0.0240385 0.0168269
0 0.00600962 0.586538 0.0120192 0.0913462
0 0.365385 0.527644 0.0144231 0.0456731
2 0.509615 0.49399 0.0240385 0.0216346
2 0.628606 0.508413 0.03125 0.0168269
0 0.933894 0.526442 0.0264423 0.0817308
9 0.405048 0.445913 0.0264423 0.0264423
0 0.549279 0.53125 0.0168269 0.0432692
9 0.935096 0.444712 0.0192308 0.0288462
2 0.977163 0.753606 0.0456731 0.15625
2 0.723558 0.533654 0.0721154 0.0384615
2 0.680288 0.52524 0.0432692 0.03125
0 0.248798 0.534856 0.0216346 0.0600962
2 0.475962 0.53125 0.0528846 0.0480769
2 0.0384615 0.782452 0.0769231 0.0985577
