0 0.942308 0.545673 0.0288462 0.0721154
0 0.0192308 0.550481 0.0384615 0.0625
2 0.0192308 0.550481 0.0384615 0.0576923
0 0.227163 0.550481 0.0168269 0.0480769
2 0.697115 0.538462 0.0769231 0.0384615
0 0.153846 0.552885 0.0240385 0.0528846
2 0.584135 0.514423 0.0288462 0.0240385
2 0.645433 0.527644 0.0552885 0.03125
2 0.567308 0.510817 0.0240385 0.0168269
9 0.341346 0.444712 0.0192308 0.0288462
9 0.199519 0.483173 0.0192308 0.0192308
9 0.949519 0.445913 0.0240385 0.0360577
2 0.425481 0.538462 0.0625 0.0528846
0 0.647837 0.612981 0.0793269 0.168269
