2 0.46274 0.496394 0.0264423 0.0216346
2 0.582933 0.512019 0.0264423 0.0192308
0 0.0204327 0.551683 0.0360577 0.0552885
2 0.502404 0.504808 0.0240385 0.0192308
2 0.567308 0.512019 0.0240385 0.0192308
0 0.227163 0.550481 0.0216346 0.0576923
2 0.664663 0.532452 0.0456731 0.03125
2 0.59375 0.515625 0.0336538 0.0216346
0 0.155048 0.550481 0.0264423 0.0576923
9 0.341346 0.44351 0.0192308 0.03125
9 0.200721 0.483173 0.0168269 0.0240385
2 0.694712 0.539663 0.0721154 0.0408654
2 0.643029 0.530048 0.0456731 0.0360577
2 0.425481 0.53726 0.0625 0.0504808
5 0.921875 0.527644 0.15625 0.199519
