1 0.828125 0.417067 0.0408654 0.0889423
2 0.918269 0.407452 0.0432692 0.0600962
0 0.415865 0.454327 0.0480769 0.134615
9 0.94351 0.664663 0.108173 0.127404
2 0.814904 0.373798 0.0432692 0.03125
2 0.991587 0.418269 0.0168269 0.0673077
2 0.323317 0.661058 0.646635 0.129808
2 0.760817 0.376202 0.0360577 0.0264423
24 0.409856 0.439904 0.0360577 0.0625
0 0.828125 0.413462 0.0456731 0.0913462
2 0.945913 0.407452 0.0649038 0.0697115
0 0.742788 0.391827 0.0240385 0.0721154
0 0.4375 0.46274 0.0576923 0.185096
