9 0.396635 0.454327 0.0288462 0.0528846
2 0.658654 0.512019 0.0288462 0.0192308
2 0.567308 0.5 0.0240385 0.0144231
2 0.629808 0.509615 0.0288462 0.0192308
2 0.705529 0.528846 0.0408654 0.0336538
9 0.264423 0.480769 0.0144231 0.0192308
2 0.509615 0.501202 0.0288462 0.0360577
2 0.606971 0.509615 0.0264423 0.0192308
9 0.983173 0.44351 0.0336538 0.0408654
0 0.223558 0.540865 0.0288462 0.0673077
0 0.981971 0.533654 0.0264423 0.0913462
2 0.739183 0.538462 0.0745192 0.0432692
2 0.473558 0.532452 0.0576923 0.0504808
