0 0.94351 0.539663 0.0264423 0.0600962
2 0.6875 0.538462 0.0673077 0.0384615
2 0.461538 0.496394 0.0288462 0.0216346
0 0.0204327 0.550481 0.0360577 0.0576923
2 0.664663 0.53125 0.0504808 0.0288462
0 0.320913 0.536058 0.0168269 0.0480769
2 0.582933 0.513221 0.0264423 0.0216346
2 0.59375 0.515625 0.0336538 0.0216346
2 0.567308 0.512019 0.0240385 0.0192308
9 0.340144 0.442308 0.0216346 0.0288462
2 0.640625 0.530048 0.0504808 0.0360577
0 0.152644 0.548077 0.0264423 0.0625
9 0.199519 0.484375 0.0192308 0.0216346
9 0.949519 0.445913 0.0240385 0.0360577
0 0.288462 0.546875 0.0240385 0.0649038
2 0.427885 0.539663 0.0625 0.0552885
0 0.217548 0.609375 0.0793269 0.165865
2 0.840144 0.584135 0.300481 0.110577
