0 0.0204327 0.551683 0.0360577 0.0552885
2 0.675481 0.53726 0.120192 0.0360577
2 0.350962 0.597356 0.129808 0.141827
0 0.94351 0.533654 0.03125 0.100962
2 0.461538 0.495192 0.0288462 0.0240385
2 0.584135 0.513221 0.0288462 0.0216346
2 0.567308 0.510817 0.0240385 0.0168269
2 0.664663 0.532452 0.0504808 0.03125
2 0.59375 0.515625 0.0384615 0.0264423
2 0.706731 0.540865 0.0625 0.0384615
9 0.199519 0.484375 0.0192308 0.0216346
0 0.15625 0.548077 0.0288462 0.0625
9 0.340144 0.442308 0.0216346 0.0288462
2 0.643029 0.530048 0.0552885 0.0360577
9 0.949519 0.445913 0.0240385 0.0360577
2 0.426683 0.533654 0.0697115 0.0432692
0 0.346154 0.617788 0.0769231 0.163462
2 0.365385 0.579327 0.298077 0.110577
