2 0.558894 0.509615 0.0264423 0.0144231
2 0.688702 0.543269 0.0600962 0.0480769
0 0.225962 0.549279 0.0192308 0.0552885
0 0.143029 0.544471 0.0168269 0.0697115
2 0.567308 0.510817 0.0240385 0.0168269
0 0.725962 0.58774 0.0769231 0.112981
2 0.582933 0.513221 0.0264423 0.0216346
2 0.461538 0.496394 0.0288462 0.0216346
0 0.0252404 0.555288 0.0216346 0.0432692
2 0.664663 0.532452 0.0456731 0.03125
2 0.594952 0.516827 0.0360577 0.0240385
0 0.293269 0.544471 0.0240385 0.0649038
9 0.341346 0.442308 0.0192308 0.0288462
9 0.199519 0.483173 0.0192308 0.0192308
2 0.644231 0.530048 0.0528846 0.0360577
9 0.949519 0.445913 0.0240385 0.0360577
0 0.94351 0.532452 0.03125 0.0985577
0 0.129808 0.545673 0.0288462 0.0721154
2 0.425481 0.538462 0.0625 0.0480769
1 0.729567 0.61899 0.141827 0.0889423
0 0.40625 0.652644 0.134615 0.242788
0 0.0769231 0.602163 0.0625 0.161058
