2 0.558894 0.510817 0.0216346 0.0168269
24 0.771635 0.602163 0.0384615 0.0697115
0 0.324519 0.534856 0.0144231 0.0504808
0 0.0228365 0.55649 0.0264423 0.0456731
2 0.603365 0.520433 0.0288462 0.03125
2 0.46274 0.502404 0.03125 0.0336538
2 0.707933 0.539663 0.0552885 0.0360577
9 0.200721 0.481971 0.0168269 0.0264423
2 0.567308 0.512019 0.0240385 0.0192308
0 0.295673 0.544471 0.0240385 0.0697115
2 0.584135 0.514423 0.0288462 0.0240385
9 0.340144 0.442308 0.0216346 0.0288462
2 0.653846 0.532452 0.0528846 0.0360577
2 0.634615 0.527644 0.0432692 0.0360577
0 0.942308 0.545673 0.0288462 0.0721154
9 0.950721 0.445913 0.0216346 0.0360577
0 0.778846 0.639423 0.0769231 0.211538
2 0.426683 0.539663 0.0649038 0.0552885
0 0.109375 0.584135 0.0552885 0.139423
