0 0.0204327 0.551683 0.0360577 0.0552885
2 0.701923 0.539663 0.0865385 0.0408654
0 0.94351 0.545673 0.0264423 0.0721154
0 0.320913 0.534856 0.0168269 0.0456731
2 0.461538 0.495192 0.0288462 0.0240385
9 0.340144 0.442308 0.0216346 0.0288462
9 0.199519 0.484375 0.0192308 0.0216346
0 0.227163 0.549279 0.0216346 0.0552885
0 0.153846 0.546875 0.0288462 0.0649038
9 0.949519 0.445913 0.0240385 0.0360577
0 0.269231 0.604567 0.0576923 0.170673
2 0.426683 0.539663 0.0649038 0.0552885
2 0.622596 0.582933 0.298077 0.108173
