2 0.50601 0.507212 0.0216346 0.0144231
0 0.872596 0.536058 0.0192308 0.0528846
2 0.639423 0.530048 0.0432692 0.0264423
2 0.56851 0.509615 0.0264423 0.0144231
2 0.467548 0.498798 0.0264423 0.0168269
2 0.582933 0.510817 0.0264423 0.0168269
9 0.366587 0.463942 0.0264423 0.0432692
2 0.671875 0.536058 0.0649038 0.0336538
9 0.86899 0.453125 0.0216346 0.03125
2 0.626202 0.527644 0.0360577 0.03125
0 0.217548 0.539663 0.0216346 0.0552885
2 0.436298 0.532452 0.0552885 0.0456731
2 0.90625 0.700721 0.1875 0.247596
2 0.0588942 0.737981 0.117788 0.182692
