0 0.0204327 0.552885 0.0360577 0.0528846
2 0.460337 0.495192 0.0264423 0.0192308
0 0.319712 0.536058 0.0144231 0.0432692
0 0.942308 0.543269 0.0288462 0.0769231
0 0.838942 0.53726 0.0240385 0.0600962
9 0.341346 0.442308 0.0192308 0.0288462
9 0.950721 0.445913 0.0264423 0.0360577
0 0.282452 0.545673 0.0216346 0.0576923
9 0.199519 0.484375 0.0192308 0.0216346
0 0.155048 0.548077 0.0264423 0.0673077
2 0.426683 0.539663 0.0649038 0.0552885
0 0.245192 0.608173 0.0576923 0.168269
2 0.711538 0.581731 0.307692 0.110577
