0 0.0204327 0.552885 0.0360577 0.0528846
0 0.372596 0.543269 0.0240385 0.0625
2 0.560096 0.509615 0.0240385 0.0144231
0 0.227163 0.549279 0.0216346 0.0552885
2 0.46274 0.496394 0.0264423 0.0216346
2 0.503606 0.50601 0.0264423 0.0168269
2 0.602163 0.518029 0.0264423 0.0264423
2 0.567308 0.510817 0.0240385 0.0168269
2 0.663462 0.53125 0.0480769 0.0288462
2 0.69351 0.538462 0.0697115 0.0384615
2 0.59375 0.516827 0.0336538 0.0240385
9 0.199519 0.483173 0.0192308 0.0192308
2 0.582933 0.514423 0.0264423 0.0240385
9 0.340144 0.44351 0.0216346 0.03125
0 0.155048 0.550481 0.0264423 0.0576923
2 0.643029 0.530048 0.0456731 0.0360577
0 0.263221 0.530048 0.0216346 0.0552885
2 0.424279 0.538462 0.0649038 0.0528846
5 0.895433 0.52524 0.209135 0.209135
