2 0.402644 0.512019 0.0649038 0.0384615
0 0.09375 0.542067 0.0240385 0.0600962
7 0.665865 0.478365 0.221154 0.158654
2 0.507212 0.574519 0.105769 0.139423
26 0.647837 0.635817 0.03125 0.0360577
2 0.49399 0.5625 0.209135 0.125
2 0.858173 0.539663 0.110577 0.0504808
12 0.169471 0.647837 0.0456731 0.117788
2 0.560096 0.546875 0.0769231 0.0600962
0 0.0132212 0.543269 0.0264423 0.105769
0 0.628606 0.598558 0.0504808 0.149038
0 0.518029 0.598558 0.0600962 0.182692
10 0.403846 0.758413 0.0721154 0.132212
