2 0.560096 0.509615 0.0240385 0.0144231
2 0.620192 0.52524 0.0480769 0.0360577
0 0.942308 0.545673 0.0240385 0.0721154
2 0.663462 0.532452 0.0480769 0.03125
2 0.461538 0.496394 0.0288462 0.0216346
2 0.566106 0.512019 0.0216346 0.0192308
2 0.603365 0.521635 0.0288462 0.0336538
9 0.340144 0.442308 0.0216346 0.0288462
2 0.584135 0.514423 0.0288462 0.0240385
2 0.704327 0.538462 0.0625 0.0384615
2 0.592548 0.519231 0.03125 0.0288462
9 0.199519 0.483173 0.0192308 0.0192308
2 0.644231 0.53125 0.0480769 0.0384615
9 0.949519 0.445913 0.0240385 0.0360577
2 0.430288 0.538462 0.0576923 0.0528846
0 0.390625 0.614183 0.0504808 0.170673
2 0.199519 0.576923 0.3125 0.105769
