2 0.560096 0.509615 0.0240385 0.0144231
2 0.628606 0.526442 0.0456731 0.0336538
2 0.461538 0.495192 0.0288462 0.0192308
2 0.376202 0.53726 0.0216346 0.03125
0 0.0192308 0.551683 0.0384615 0.0552885
2 0.604567 0.521635 0.0264423 0.0288462
2 0.567308 0.512019 0.0240385 0.0192308
0 0.941106 0.549279 0.0264423 0.0649038
2 0.502404 0.50601 0.0240385 0.0168269
10 0.941106 0.549279 0.0264423 0.0649038
2 0.664663 0.530048 0.0456731 0.0264423
0 0.508413 0.538462 0.0216346 0.0673077
0 0.155048 0.550481 0.0264423 0.0576923
0 0.227163 0.549279 0.0216346 0.0552885
9 0.199519 0.483173 0.0192308 0.0192308
2 0.582933 0.514423 0.0264423 0.0240385
2 0.705529 0.540865 0.0649038 0.0384615
9 0.341346 0.44351 0.0192308 0.0264423
2 0.644231 0.530048 0.0432692 0.0360577
9 0.949519 0.445913 0.0240385 0.0360577
0 0.263221 0.532452 0.0216346 0.0552885
2 0.426683 0.540865 0.0600962 0.0528846
