2 0.503606 0.50601 0.0264423 0.0168269
0 0.94351 0.543269 0.0264423 0.0769231
2 0.597356 0.519231 0.0408654 0.0288462
0 0.985577 0.65625 0.0288462 0.0769231
2 0.567308 0.509615 0.0240385 0.0192308
2 0.664663 0.532452 0.0456731 0.03125
9 0.199519 0.484375 0.0192308 0.0216346
2 0.700721 0.539663 0.0697115 0.0408654
2 0.584135 0.515625 0.0288462 0.0264423
0 0.259615 0.53125 0.0192308 0.0576923
2 0.643029 0.530048 0.0456731 0.0360577
9 0.341346 0.44351 0.0240385 0.03125
9 0.950721 0.445913 0.0216346 0.0360577
2 0.426683 0.538462 0.0649038 0.0528846
2 0.165865 0.584135 0.322115 0.105769
