2 0.460337 0.50601 0.03125 0.0360577
2 0.604567 0.518029 0.0264423 0.0264423
2 0.461538 0.495192 0.0288462 0.0192308
0 0.0204327 0.550481 0.0360577 0.0576923
2 0.560096 0.509615 0.0240385 0.0144231
2 0.692308 0.539663 0.0721154 0.0360577
2 0.664663 0.53125 0.0504808 0.0288462
2 0.567308 0.512019 0.0240385 0.0192308
24 0.685096 0.608173 0.0384615 0.0721154
9 0.200721 0.481971 0.0168269 0.0264423
9 0.341346 0.442308 0.0192308 0.0288462
2 0.582933 0.513221 0.0264423 0.0216346
2 0.644231 0.530048 0.0528846 0.0360577
0 0.942308 0.544471 0.0288462 0.0793269
1 0.984375 0.632212 0.03125 0.0528846
9 0.948317 0.445913 0.0216346 0.0360577
0 0.700721 0.641827 0.0697115 0.221154
2 0.426683 0.539663 0.0649038 0.0552885
0 0.103365 0.58774 0.0528846 0.151442
