0 0.0192308 0.550481 0.0336538 0.0576923
1 0.206731 0.558894 0.0192308 0.0408654
24 0.86899 0.606971 0.0408654 0.0649038
0 0.207933 0.55649 0.0216346 0.0456731
2 0.463942 0.501202 0.0336538 0.0264423
2 0.603365 0.519231 0.0288462 0.0288462
2 0.567308 0.512019 0.0240385 0.0192308
9 0.199519 0.484375 0.0192308 0.0216346
2 0.59375 0.515625 0.0336538 0.0264423
2 0.582933 0.514423 0.0264423 0.0240385
2 0.703125 0.540865 0.0649038 0.0384615
2 0.652644 0.532452 0.0504808 0.0360577
9 0.340144 0.442308 0.0216346 0.0288462
2 0.638221 0.527644 0.0456731 0.0360577
0 0.94351 0.543269 0.0264423 0.0769231
9 0.949519 0.445913 0.0240385 0.0360577
0 0.292067 0.544471 0.0264423 0.0697115
0 0.0853365 0.544471 0.0264423 0.0793269
2 0.426683 0.539663 0.0649038 0.0552885
0 0.115385 0.575721 0.0480769 0.137019
0 0.88101 0.643029 0.0697115 0.199519
