0 0.294471 0.544471 0.0216346 0.0697115
0 0.0204327 0.552885 0.0360577 0.0528846
2 0.604567 0.519231 0.0264423 0.0288462
2 0.461538 0.496394 0.0288462 0.0216346
2 0.567308 0.510817 0.0240385 0.0168269
2 0.707933 0.539663 0.0504808 0.0360577
2 0.582933 0.513221 0.0264423 0.0216346
9 0.199519 0.484375 0.0192308 0.0216346
2 0.655048 0.53125 0.0552885 0.0336538
9 0.341346 0.442308 0.0192308 0.0288462
2 0.634615 0.527644 0.0432692 0.0360577
0 0.94351 0.545673 0.0264423 0.0721154
9 0.949519 0.445913 0.0240385 0.0360577
2 0.426683 0.538462 0.0649038 0.0528846
0 0.757212 0.635817 0.0961538 0.223558
0 0.106971 0.584135 0.0552885 0.144231
