2 0.621394 0.510817 0.03125 0.0168269
2 0.59375 0.509615 0.0288462 0.0144231
2 0.641827 0.526442 0.0432692 0.0336538
0 0.947115 0.530048 0.0336538 0.0985577
2 0.570913 0.508413 0.0264423 0.0168269
1 0.567308 0.555288 0.0336538 0.0432692
2 0.527644 0.502404 0.0264423 0.0144231
2 0.472356 0.503606 0.0264423 0.0360577
0 0.567308 0.543269 0.0336538 0.0625
2 0.658654 0.528846 0.0528846 0.0336538
9 0.953125 0.44351 0.0216346 0.0360577
2 0.705529 0.538462 0.0793269 0.0432692
2 0.435096 0.536058 0.0625 0.0528846
5 0.195913 0.520433 0.387019 0.223558
