9 0.356971 0.456731 0.0216346 0.0240385
2 0.628606 0.52524 0.0408654 0.0216346
2 0.645433 0.528846 0.0600962 0.0240385
0 0.850962 0.53726 0.0192308 0.0504808
2 0.454327 0.502404 0.0240385 0.0192308
2 0.617788 0.528846 0.0432692 0.0288462
0 0.213942 0.542067 0.0240385 0.0600962
0 0.317308 0.534856 0.0240385 0.0504808
9 0.841346 0.455529 0.0144231 0.0264423
0 0.956731 0.550481 0.0288462 0.0528846
0 0.0144231 0.570913 0.0288462 0.09375
2 0.423077 0.536058 0.0528846 0.0432692
2 0.88101 0.698317 0.237981 0.262019
2 0.078125 0.719952 0.15625 0.209135
