2 0.625 0.526442 0.0480769 0.0336538
2 0.504808 0.504808 0.0288462 0.0192308
2 0.463942 0.502404 0.0288462 0.0288462
0 0.0204327 0.551683 0.03125 0.0552885
2 0.585337 0.514423 0.0264423 0.0240385
2 0.707933 0.540865 0.0552885 0.0384615
2 0.566106 0.512019 0.0216346 0.0192308
9 0.341346 0.442308 0.0192308 0.0288462
2 0.59375 0.519231 0.0336538 0.0288462
2 0.641827 0.528846 0.0480769 0.0336538
0 0.152644 0.549279 0.0264423 0.0600962
9 0.199519 0.484375 0.0192308 0.0216346
9 0.949519 0.444712 0.0240385 0.0336538
2 0.426683 0.539663 0.0649038 0.0552885
0 0.669471 0.615385 0.0745192 0.173077
