2 0.461538 0.495192 0.0288462 0.0192308
2 0.504808 0.504808 0.0288462 0.0144231
2 0.581731 0.513221 0.0288462 0.0168269
10 0.941106 0.548077 0.0264423 0.0673077
2 0.567308 0.510817 0.0240385 0.0168269
9 0.200721 0.481971 0.0168269 0.0264423
2 0.664663 0.53125 0.0456731 0.0288462
0 0.227163 0.550481 0.0216346 0.0576923
0 0.941106 0.548077 0.0264423 0.0673077
2 0.705529 0.540865 0.0649038 0.0384615
2 0.592548 0.518029 0.0360577 0.0264423
9 0.341346 0.444712 0.0192308 0.0288462
2 0.643029 0.530048 0.0456731 0.0360577
0 0.263221 0.532452 0.0216346 0.0552885
0 0.155048 0.546875 0.0264423 0.0697115
9 0.949519 0.444712 0.0240385 0.0336538
2 0.425481 0.539663 0.0625 0.0504808
