1 0.614183 0.558894 0.03125 0.0360577
2 0.604567 0.510817 0.0264423 0.0168269
2 0.484375 0.503606 0.03125 0.0360577
0 0.301683 0.536058 0.0216346 0.0528846
9 0.366587 0.44351 0.0264423 0.0264423
0 0.332933 0.526442 0.0168269 0.0480769
9 0.227163 0.483173 0.0120192 0.0192308
2 0.584135 0.510817 0.0240385 0.0168269
2 0.664663 0.528846 0.0456731 0.0336538
9 0.96274 0.444712 0.0264423 0.0384615
0 0.955529 0.532452 0.03125 0.09375
2 0.716346 0.539663 0.0817308 0.0456731
2 0.449519 0.534856 0.0576923 0.0552885
5 0.105769 0.519231 0.206731 0.216346
