2 0.604567 0.524038 0.0264423 0.0288462
2 0.463942 0.501202 0.0336538 0.03125
0 0.891827 0.528846 0.0144231 0.0432692
0 0.0180288 0.551683 0.03125 0.0552885
0 0.195913 0.549279 0.0264423 0.0600962
9 0.200721 0.480769 0.0168269 0.0288462
2 0.665865 0.532452 0.0480769 0.03125
2 0.707933 0.540865 0.0600962 0.0384615
2 0.585337 0.514423 0.0264423 0.0240385
2 0.59375 0.518029 0.0336538 0.0264423
2 0.567308 0.512019 0.0240385 0.0192308
9 0.341346 0.442308 0.0192308 0.0288462
0 0.284856 0.545673 0.0264423 0.0673077
2 0.641827 0.528846 0.0528846 0.0336538
0 0.94351 0.533654 0.03125 0.0961538
9 0.949519 0.445913 0.0240385 0.0360577
0 0.122596 0.569712 0.0432692 0.134615
2 0.426683 0.539663 0.0649038 0.0552885
0 0.0697115 0.546875 0.0336538 0.0841346
0 0.96875 0.634615 0.0625 0.201923
