1 0.420673 0.616587 0.149038 0.09375 
0 0.417067 0.585337 0.0745192 0.122596 
2 0.698317 0.540865 0.0793269 0.0432692 
0 0.0985577 0.661058 0.163462 0.269231 
2 0.427885 0.534856 0.0673077 0.0456731 
9 0.948317 0.445913 0.0216346 0.0360577 
0 0.941106 0.543269 0.03125 0.0721154 
2 0.643029 0.528846 0.0552885 0.0336538 
0 0.145433 0.540865 0.03125 0.0769231 
2 0.657452 0.533654 0.0504808 0.0336538 
2 0.584135 0.515625 0.0288462 0.0264423 
0 0.225962 0.549279 0.0192308 0.0504808 
2 0.592548 0.518029 0.0360577 0.0264423 
9 0.342548 0.442308 0.0216346 0.0288462 
2 0.605769 0.520433 0.0336538 0.03125 
24 0.383413 0.550481 0.0360577 0.0384615 
9 0.201923 0.481971 0.0192308 0.0216346 
0 0.917067 0.542067 0.0264423 0.0649038 
2 0.569712 0.512019 0.0288462 0.0240385 
