2 0.314904 0.586538 0.336538 0.105769 
2 0.425481 0.53726 0.0625 0.0504808 
2 0.700721 0.540865 0.0745192 0.0432692 
2 0.640625 0.530048 0.0504808 0.03125 
9 0.950721 0.445913 0.0216346 0.0360577 
0 0.97476 0.606971 0.0504808 0.189904 
0 0.567308 0.542067 0.0192308 0.0552885 
2 0.655048 0.532452 0.0504808 0.03125 
9 0.342548 0.451923 0.0216346 0.0480769 
0 0.939904 0.544471 0.0240385 0.0697115 
9 0.201923 0.483173 0.0192308 0.0240385 
2 0.592548 0.518029 0.0360577 0.0264423 
2 0.605769 0.522837 0.0336538 0.03125 
