0 0.44351 0.657452 0.0985577 0.228365 
1 0.763221 0.620192 0.141827 0.0865385 
2 0.427885 0.536058 0.0673077 0.0528846 
0 0.765625 0.584135 0.0793269 0.125 
0 0.078125 0.602163 0.0600962 0.151442 
9 0.949519 0.445913 0.0240385 0.0360577 
0 0.128606 0.545673 0.03125 0.0721154 
2 0.643029 0.528846 0.0504808 0.0336538 
2 0.692308 0.540865 0.0721154 0.0384615 
0 0.96875 0.540865 0.0240385 0.0625 
0 0.223558 0.548077 0.0192308 0.0576923 
0 0.941106 0.544471 0.0264423 0.0697115 
2 0.594952 0.519231 0.0360577 0.0288462 
9 0.200721 0.481971 0.0216346 0.0216346 
2 0.657452 0.533654 0.0504808 0.0336538 
9 0.34375 0.442308 0.0192308 0.0288462 
2 0.463942 0.507212 0.0336538 0.0384615 
