2 0.424279 0.538462 0.0600962 0.0528846 
0 0.582933 0.61899 0.09375 0.161058 
9 0.949519 0.445913 0.0240385 0.0360577 
2 0.655048 0.53125 0.0552885 0.0336538 
2 0.695913 0.540865 0.0841346 0.0432692 
2 0.572115 0.510817 0.0336538 0.0216346 
0 0.155048 0.546875 0.0264423 0.0649038 
9 0.341346 0.445913 0.0192308 0.03125 
0 0.227163 0.549279 0.0168269 0.0504808 
2 0.633413 0.527644 0.0456731 0.03125 
0 0.251202 0.539663 0.0216346 0.0552885 
0 0.941106 0.545673 0.0264423 0.0673077 
2 0.455529 0.526442 0.0216346 0.0336538 
2 0.582933 0.512019 0.0360577 0.0192308 
