10 0.403846 0.759615 0.0721154 0.129808 
12 0.169471 0.643029 0.0456731 0.103365 
1 0.766827 0.588942 0.115385 0.0817308 
0 0.445913 0.59976 0.0793269 0.194712 
0 0.628606 0.588942 0.0504808 0.168269 
0 0.514423 0.615385 0.0528846 0.149038 
0 0.385817 0.591346 0.0649038 0.125 
26 0.649038 0.633413 0.0288462 0.0408654 
7 0.711538 0.495192 0.125 0.0913462 
0 0.757212 0.558894 0.0528846 0.0985577 
2 0.856971 0.53726 0.112981 0.0504808 
9 0.677885 0.205529 0.0288462 0.0600962 
2 0.41226 0.508413 0.0504808 0.03125 
26 0.480769 0.605769 0.0336538 0.0336538 
