0 0.542067 0.646635 0.112981 0.235577 
1 0.865385 0.621394 0.129808 0.0889423 
2 0.425481 0.538462 0.0625 0.0528846 
0 0.870192 0.590144 0.0721154 0.132212 
0 0.0877404 0.59375 0.0552885 0.158654 
2 0.699519 0.542067 0.0769231 0.0408654 
9 0.948317 0.445913 0.0216346 0.0360577 
2 0.643029 0.530048 0.0504808 0.03125 
0 0.123798 0.545673 0.0264423 0.0721154 
0 0.223558 0.544471 0.0192308 0.0649038 
0 0.867788 0.61899 0.129808 0.09375 
0 0.94351 0.544471 0.0264423 0.0697115 
24 0.838942 0.55649 0.0384615 0.0408654 
2 0.65625 0.533654 0.0480769 0.0336538 
2 0.604567 0.521635 0.03125 0.0288462 
9 0.201923 0.483173 0.0192308 0.0240385 
2 0.596154 0.518029 0.0336538 0.0264423 
2 0.463942 0.507212 0.0336538 0.0384615 
2 0.586538 0.514423 0.0288462 0.0240385 
