2 0.425481 0.538462 0.0625 0.0528846 
2 0.0264423 0.570913 0.0528846 0.0985577 
0 0.503606 0.616587 0.0985577 0.165865 
2 0.701923 0.540865 0.0817308 0.0432692 
9 0.949519 0.445913 0.0240385 0.0360577 
0 0.25601 0.538462 0.0216346 0.0625 
0 0.153846 0.544471 0.0288462 0.0697115 
2 0.655048 0.533654 0.0552885 0.0336538 
2 0.634615 0.527644 0.0432692 0.03125 
2 0.596154 0.519231 0.0384615 0.0288462 
0 0.941106 0.545673 0.0264423 0.0673077 
9 0.341346 0.447115 0.0192308 0.0336538 
2 0.584135 0.516827 0.0336538 0.0240385 
9 0.199519 0.483173 0.0192308 0.0240385 
