0 0.189904 0.669471 0.0913462 0.242788 
1 0.498798 0.61899 0.146635 0.09375 
2 0.426683 0.538462 0.0649038 0.0528846 
0 0.0817308 0.602163 0.0625 0.175481 
0 0.143029 0.543269 0.03125 0.0721154 
0 0.497596 0.582933 0.0817308 0.137019 
9 0.948317 0.445913 0.0216346 0.0360577 
2 0.697115 0.539663 0.0817308 0.0408654 
2 0.643029 0.530048 0.0504808 0.03125 
9 0.342548 0.444712 0.0216346 0.0336538 
2 0.65625 0.533654 0.0528846 0.0336538 
9 0.201923 0.483173 0.0192308 0.0240385 
2 0.594952 0.518029 0.0360577 0.0264423 
2 0.603365 0.522837 0.0336538 0.03125 
2 0.584135 0.514423 0.0288462 0.0240385 
