1 0.615385 0.617788 0.149038 0.0913462 
2 0.425481 0.538462 0.0625 0.0528846 
0 0.292067 0.659856 0.09375 0.242788 
0 0.138221 0.544471 0.03125 0.0697115 
0 0.611779 0.585337 0.0841346 0.122596 
0 0.078125 0.602163 0.0600962 0.180288 
9 0.948317 0.445913 0.0216346 0.0360577 
2 0.697115 0.542067 0.0817308 0.0408654 
24 0.580529 0.551683 0.0456731 0.0408654 
9 0.201923 0.481971 0.0192308 0.0216346 
0 0.942308 0.544471 0.0240385 0.0697115 
2 0.65625 0.532452 0.0625 0.0360577 
9 0.342548 0.448317 0.0216346 0.0408654 
2 0.461538 0.507212 0.0336538 0.0384615 
