2 0.425481 0.538462 0.0625 0.0528846 
1 0.15625 0.610577 0.139423 0.0961538 
9 0.948317 0.445913 0.0216346 0.0360577 
2 0.701923 0.542067 0.0769231 0.0408654 
2 0.991587 0.585337 0.0168269 0.0649038 
2 0.644231 0.530048 0.0480769 0.03125 
9 0.200721 0.483173 0.0216346 0.0240385 
2 0.657452 0.533654 0.0504808 0.0336538 
9 0.341346 0.444712 0.0192308 0.0336538 
0 0.143029 0.603365 0.0600962 0.134615 
2 0.59375 0.518029 0.0336538 0.0264423 
2 0.586538 0.514423 0.0288462 0.0240385 
0 0.149038 0.611779 0.115385 0.103365 
0 0.942308 0.542067 0.0288462 0.0745192 
2 0.56851 0.509615 0.0264423 0.0192308 
