1 0.265625 0.617788 0.151442 0.0865385 
2 0.425481 0.538462 0.0625 0.0528846 
0 0.104567 0.608173 0.0793269 0.173077 
0 0.263221 0.576923 0.0745192 0.115385 
0 0.15024 0.544471 0.0264423 0.0697115 
2 0.700721 0.542067 0.0793269 0.0408654 
9 0.949519 0.445913 0.0240385 0.0360577 
24 0.230769 0.549279 0.0480769 0.0408654 
9 0.342548 0.453125 0.0216346 0.0504808 
2 0.655048 0.532452 0.0504808 0.03125 
2 0.633413 0.527644 0.0408654 0.03125 
2 0.594952 0.519231 0.0360577 0.0288462 
9 0.201923 0.481971 0.0192308 0.0216346 
0 0.941106 0.544471 0.0264423 0.0697115 
0 0.325721 0.536058 0.0168269 0.0480769 
2 0.582933 0.515625 0.03125 0.0264423 
2 0.56851 0.509615 0.0264423 0.0192308 
