2 0.425481 0.538462 0.0625 0.0528846 
2 0.96875 0.586538 0.0625 0.100962 
0 0.788462 0.634615 0.0673077 0.129808 
9 0.948317 0.445913 0.0216346 0.0360577 
2 0.699519 0.540865 0.0769231 0.0432692 
0 0.153846 0.542067 0.0288462 0.0793269 
0 0.227163 0.543269 0.0216346 0.0625 
2 0.655048 0.533654 0.0552885 0.0384615 
0 0.942308 0.545673 0.0240385 0.0673077 
9 0.342548 0.442308 0.0216346 0.0288462 
9 0.201923 0.481971 0.0192308 0.0216346 
0 0.0228365 0.552885 0.03125 0.0480769 
0 0.246394 0.533654 0.0264423 0.0673077 
