2 0.425481 0.538462 0.0625 0.0528846 
0 0.911058 0.638221 0.0769231 0.204327 
0 0.120192 0.576923 0.0480769 0.134615 
0 0.289663 0.543269 0.0264423 0.0721154 
9 0.949519 0.445913 0.0240385 0.0360577 
0 0.0817308 0.546875 0.0288462 0.0793269 
2 0.700721 0.542067 0.0745192 0.0408654 
2 0.644231 0.530048 0.0480769 0.03125 
0 0.94351 0.544471 0.0264423 0.0745192 
2 0.65625 0.534856 0.0480769 0.03125 
9 0.342548 0.439904 0.0216346 0.0288462 
2 0.604567 0.522837 0.03125 0.03125 
1 0.204327 0.555288 0.0240385 0.0480769 
2 0.594952 0.519231 0.0360577 0.0288462 
