2 0.425481 0.538462 0.0625 0.0528846 
0 0.574519 0.614183 0.0913462 0.170673 
9 0.949519 0.445913 0.0240385 0.0360577 
0 0.155048 0.546875 0.0264423 0.0649038 
2 0.695913 0.540865 0.0793269 0.0432692 
2 0.643029 0.528846 0.0504808 0.0336538 
0 0.188702 0.540865 0.0216346 0.0625 
0 0.942308 0.545673 0.0240385 0.0673077 
0 0.252404 0.539663 0.0192308 0.0552885 
9 0.342548 0.444712 0.0216346 0.0288462 
2 0.572115 0.510817 0.0384615 0.0216346 
2 0.657452 0.533654 0.0504808 0.0336538 
2 0.715144 0.545673 0.0456731 0.0384615 
