2 0.134615 0.582933 0.269231 0.108173 
2 0.424279 0.538462 0.0600962 0.0528846 
9 0.950721 0.445913 0.0216346 0.0360577 
2 0.700721 0.542067 0.0745192 0.0408654 
2 0.643029 0.530048 0.0504808 0.03125 
0 0.544471 0.539663 0.0216346 0.0600962 
0 0.304087 0.539663 0.0216346 0.0649038 
2 0.65625 0.534856 0.0432692 0.03125 
0 0.941106 0.544471 0.0216346 0.0697115 
9 0.200721 0.481971 0.0168269 0.0216346 
0 0.258413 0.532452 0.0216346 0.0600962 
9 0.342548 0.444712 0.0216346 0.0288462 
2 0.594952 0.518029 0.0360577 0.0264423 
