2 0.798077 0.584135 0.307692 0.110577 
2 0.425481 0.538462 0.0625 0.0528846 
0 0.288462 0.542067 0.0288462 0.0697115 
0 0.219952 0.603365 0.0985577 0.182692 
9 0.949519 0.445913 0.0240385 0.0360577 
2 0.65625 0.532452 0.0625 0.0360577 
0 0.320913 0.534856 0.0168269 0.0456731 
0 0.152644 0.545673 0.0264423 0.0673077 
2 0.594952 0.519231 0.0360577 0.0288462 
9 0.342548 0.453125 0.0216346 0.0504808 
9 0.200721 0.483173 0.0168269 0.0192308 
0 0.941106 0.544471 0.0264423 0.0697115 
2 0.584135 0.515625 0.0288462 0.0264423 
