2 0.425481 0.538462 0.0625 0.0528846 
0 0.508413 0.622596 0.09375 0.153846 
2 0.701923 0.542067 0.0817308 0.0456731 
9 0.948317 0.445913 0.0216346 0.0360577 
2 0.643029 0.528846 0.0504808 0.0336538 
0 0.155048 0.544471 0.0264423 0.0697115 
0 0.942308 0.545673 0.0240385 0.0673077 
0 0.254808 0.53726 0.0240385 0.0649038 
2 0.59375 0.519231 0.0336538 0.0288462 
9 0.34375 0.442308 0.0192308 0.0288462 
2 0.585337 0.516827 0.03125 0.0240385 
2 0.65625 0.534856 0.0480769 0.0360577 
2 0.603365 0.522837 0.0336538 0.03125 
2 0.00961538 0.581731 0.0192308 0.0528846 
