1 0.689904 0.61899 0.144231 0.0889423 
2 0.425481 0.538462 0.0673077 0.0528846 
0 0.0769231 0.598558 0.0625 0.173077 
0 0.375 0.655048 0.139423 0.242788 
0 0.682692 0.582933 0.0913462 0.132212 
9 0.950721 0.445913 0.0216346 0.0360577 
0 0.133413 0.543269 0.03125 0.0721154 
0 0.941106 0.544471 0.0264423 0.0697115 
2 0.641827 0.528846 0.0480769 0.0336538 
9 0.342548 0.441106 0.0216346 0.0264423 
2 0.711538 0.543269 0.0576923 0.0384615 
9 0.200721 0.483173 0.0216346 0.0240385 
24 0.65625 0.550481 0.0432692 0.0432692 
2 0.46274 0.50601 0.03125 0.0360577 
