1 0.652644 0.620192 0.141827 0.0913462 
2 0.426683 0.538462 0.0600962 0.0528846 
0 0.078125 0.603365 0.0600962 0.168269 
0 0.135817 0.544471 0.03125 0.0697115 
0 0.65024 0.585337 0.0841346 0.132212 
9 0.948317 0.445913 0.0216346 0.0360577 
2 0.700721 0.542067 0.0745192 0.0408654 
0 0.33774 0.661058 0.0841346 0.230769 
9 0.200721 0.481971 0.0216346 0.0216346 
24 0.617788 0.550481 0.0432692 0.0432692 
0 0.941106 0.544471 0.0264423 0.0697115 
2 0.463942 0.507212 0.0336538 0.0384615 
9 0.342548 0.447115 0.0216346 0.0384615 
