1 0.30649 0.61899 0.146635 0.0889423 
2 0.425481 0.538462 0.0625 0.0528846 
0 0.103365 0.605769 0.0769231 0.173077 
0 0.147837 0.544471 0.0264423 0.0697115 
0 0.302885 0.586538 0.0865385 0.129808 
2 0.699519 0.542067 0.0769231 0.0408654 
9 0.948317 0.445913 0.0216346 0.0360577 
24 0.269231 0.550481 0.0432692 0.0336538 
2 0.655048 0.533654 0.0504808 0.0336538 
2 0.635817 0.528846 0.0408654 0.0336538 
0 0.942308 0.545673 0.0240385 0.0673077 
9 0.200721 0.483173 0.0216346 0.0240385 
0 0.907452 0.538462 0.0216346 0.0625 
2 0.594952 0.519231 0.0360577 0.0288462 
2 0.604567 0.522837 0.0360577 0.03125 
9 0.342548 0.447115 0.0216346 0.0384615 
2 0.585337 0.516827 0.03125 0.0240385 
2 0.454327 0.522837 0.0288462 0.03125 
