2 0.425481 0.538462 0.0625 0.0528846 
1 0.204327 0.617788 0.115385 0.0865385 
2 0.699519 0.540865 0.0817308 0.0432692 
0 0.13101 0.603365 0.0552885 0.182692 
9 0.948317 0.445913 0.0216346 0.0360577 
2 0.645433 0.530048 0.0504808 0.03125 
0 0.188702 0.579327 0.0697115 0.129808 
9 0.342548 0.451923 0.0216346 0.0480769 
9 0.200721 0.483173 0.0216346 0.0240385 
0 0.15625 0.596154 0.0865385 0.173077 
0 0.941106 0.544471 0.0264423 0.0697115 
2 0.594952 0.519231 0.0360577 0.0288462 
2 0.633413 0.526442 0.0408654 0.0336538 
2 0.585337 0.514423 0.03125 0.0240385 
9 0.616587 0.435096 0.0168269 0.0288462 
2 0.56851 0.509615 0.0264423 0.0192308 
