5 0.180288 0.520433 0.360577 0.228365 
2 0.436298 0.536058 0.0600962 0.0528846 
2 0.707933 0.540865 0.0745192 0.0432692 
0 0.947115 0.543269 0.0288462 0.0673077 
9 0.953125 0.444712 0.0216346 0.0384615 
2 0.665865 0.530048 0.0480769 0.03125 
0 0.579327 0.542067 0.0288462 0.0600962 
9 0.354567 0.442308 0.0216346 0.0288462 
0 0.558894 0.540865 0.0264423 0.0673077 
2 0.646635 0.527644 0.0336538 0.03125 
2 0.473558 0.50601 0.0288462 0.0360577 
2 0.46875 0.520433 0.0240385 0.03125 
1 0.569712 0.557692 0.0480769 0.0384615 
