1 0.342548 0.61899 0.146635 0.0889423 
2 0.425481 0.538462 0.0625 0.0528846 
0 0.341346 0.586538 0.0769231 0.129808 
0 0.100962 0.620192 0.0673077 0.153846 
0 0.147837 0.543269 0.0264423 0.0721154 
9 0.949519 0.445913 0.0240385 0.0360577 
2 0.699519 0.542067 0.0769231 0.0408654 
2 0.645433 0.530048 0.0504808 0.03125 
0 0.942308 0.544471 0.0240385 0.0697115 
0 0.91226 0.538462 0.0216346 0.0576923 
9 0.341346 0.448317 0.0192308 0.0408654 
0 0.0324519 0.674279 0.0649038 0.257212 
2 0.567308 0.509615 0.0240385 0.0192308 
2 0.59375 0.516827 0.0336538 0.0240385 
2 0.46274 0.50601 0.0360577 0.0408654 
2 0.664663 0.533654 0.0504808 0.0336538 
