2 0.730769 0.538462 0.0769231 0.0432692 
2 0.46875 0.536058 0.0625 0.0528846 
5 0.0228365 0.518029 0.0456731 0.199519 
0 0.21274 0.542067 0.0216346 0.0649038 
0 0.97476 0.539663 0.0216346 0.0745192 
0 0.298077 0.532452 0.0192308 0.0504808 
0 0.53726 0.539663 0.0216346 0.0600962 
0 0.658654 0.539663 0.0336538 0.0600962 
9 0.971154 0.444712 0.0240385 0.0384615 
2 0.691106 0.530048 0.0456731 0.03125 
0 0.353365 0.528846 0.0144231 0.0480769 
0 0.0877404 0.548077 0.0264423 0.0432692 
0 0.955529 0.534856 0.0264423 0.0841346 
