2 0.424279 0.538462 0.0600962 0.0528846 
0 0.558894 0.609375 0.0745192 0.175481 
9 0.948317 0.445913 0.0216346 0.0360577 
0 0.153846 0.544471 0.0288462 0.0697115 
2 0.643029 0.530048 0.0504808 0.03125 
0 0.941106 0.544471 0.0264423 0.0697115 
2 0.695913 0.542067 0.0793269 0.0408654 
9 0.342548 0.44351 0.0168269 0.03125 
2 0.65625 0.534856 0.0480769 0.03125 
2 0.594952 0.518029 0.0360577 0.0264423 
2 0.566106 0.509615 0.03125 0.0192308 
2 0.453125 0.526442 0.0216346 0.0336538 
0 0.186298 0.539663 0.0216346 0.0600962 
