2 0.908654 0.585337 0.182692 0.108173 
2 0.425481 0.538462 0.0625 0.0528846 
1 0.0384615 0.612981 0.0769231 0.0865385 
0 0.179087 0.614183 0.0504808 0.165865 
2 0.699519 0.540865 0.0817308 0.0432692 
9 0.949519 0.445913 0.0240385 0.0360577 
2 0.655048 0.532452 0.0504808 0.03125 
0 0.0192308 0.573317 0.0384615 0.141827 
2 0.634615 0.527644 0.0432692 0.03125 
0 0.292067 0.540865 0.0264423 0.0721154 
9 0.342548 0.445913 0.0216346 0.0360577 
9 0.200721 0.481971 0.0216346 0.0216346 
9 0.948317 0.484375 0.0168269 0.0216346 
