2 0.594952 0.585337 0.324519 0.108173 
2 0.427885 0.536058 0.0625 0.0528846 
0 0.90625 0.632212 0.0480769 0.144231 
0 0.153846 0.542067 0.0288462 0.0745192 
9 0.949519 0.445913 0.0240385 0.0360577 
0 0.265625 0.533654 0.03125 0.0625 
2 0.697115 0.540865 0.0865385 0.0432692 
9 0.342548 0.454327 0.0216346 0.0576923 
1 0.266827 0.555288 0.0288462 0.0432692 
2 0.65625 0.53125 0.0625 0.0336538 
0 0.853365 0.538462 0.0240385 0.0480769 
9 0.200721 0.481971 0.0168269 0.0216346 
0 0.225962 0.549279 0.0192308 0.0552885 
