2 0.41226 0.579327 0.305288 0.110577 
0 0.328125 0.605769 0.0552885 0.177885 
2 0.43149 0.52524 0.0649038 0.03125 
9 0.949519 0.445913 0.0240385 0.0360577 
2 0.700721 0.540865 0.0793269 0.0432692 
2 0.655048 0.533654 0.0504808 0.0336538 
0 0.15625 0.543269 0.0288462 0.0721154 
0 0.802885 0.539663 0.0192308 0.0600962 
2 0.633413 0.527644 0.0408654 0.03125 
0 0.942308 0.545673 0.0240385 0.0673077 
2 0.594952 0.518029 0.0360577 0.0264423 
2 0.603365 0.521635 0.0336538 0.0336538 
9 0.342548 0.447115 0.0216346 0.0384615 
2 0.463942 0.504808 0.0336538 0.0384615 
2 0.585337 0.514423 0.03125 0.0240385 
