2 0.425481 0.538462 0.0625 0.0528846 
0 0.59976 0.61899 0.0649038 0.15625 
9 0.949519 0.445913 0.0240385 0.0360577 
2 0.697115 0.539663 0.0817308 0.0408654 
2 0.65625 0.532452 0.0673077 0.0360577 
0 0.153846 0.545673 0.0288462 0.0673077 
0 0.252404 0.539663 0.0192308 0.0552885 
9 0.342548 0.44351 0.0168269 0.0264423 
2 0.643029 0.527644 0.0552885 0.03125 
0 0.941106 0.544471 0.0264423 0.0697115 
2 0.570913 0.509615 0.0360577 0.0240385 
0 0.227163 0.548077 0.0168269 0.0528846 
2 0.584135 0.513221 0.0384615 0.0264423 
9 0.203125 0.483173 0.0168269 0.0192308 
