2 0.424279 0.538462 0.0600962 0.0528846 
9 0.950721 0.445913 0.0216346 0.0360577 
0 0.342548 0.544471 0.0360577 0.0697115 
2 0.701923 0.542067 0.0721154 0.0408654 
2 0.643029 0.530048 0.0504808 0.03125 
0 0.263221 0.530048 0.0216346 0.0600962 
2 0.65625 0.533654 0.0480769 0.0336538 
0 0.153846 0.545673 0.0288462 0.0721154 
9 0.342548 0.442308 0.0216346 0.0288462 
2 0.594952 0.518029 0.0360577 0.0264423 
0 0.941106 0.544471 0.0264423 0.0697115 
2 0.604567 0.521635 0.03125 0.0288462 
0 0.225962 0.549279 0.0192308 0.0552885 
