1 0.901442 0.620192 0.129808 0.0865385 
2 0.425481 0.538462 0.0625 0.0528846 
0 0.0913462 0.591346 0.0528846 0.158654 
0 0.576923 0.645433 0.0721154 0.237981 
0 0.903846 0.585337 0.0721154 0.117788 
2 0.700721 0.542067 0.0745192 0.0408654 
9 0.949519 0.445913 0.0240385 0.0360577 
2 0.65625 0.533654 0.0528846 0.0336538 
0 0.121394 0.551683 0.0264423 0.0889423 
0 0.223558 0.545673 0.0240385 0.0625 
24 0.877404 0.558894 0.0384615 0.0456731 
2 0.634615 0.527644 0.0432692 0.03125 
9 0.798077 0.486779 0.0144231 0.0168269 
0 0.94351 0.543269 0.0264423 0.0721154 
