2 0.0637019 0.573317 0.127404 0.112981 
2 0.424279 0.538462 0.0600962 0.0528846 
0 0.469952 0.596154 0.0600962 0.206731 
9 0.949519 0.445913 0.0240385 0.0360577 
2 0.697115 0.540865 0.0817308 0.0432692 
0 0.155048 0.543269 0.0264423 0.0721154 
2 0.645433 0.530048 0.0504808 0.03125 
0 0.258413 0.538462 0.0216346 0.0625 
0 0.942308 0.545673 0.0240385 0.0673077 
2 0.594952 0.519231 0.0360577 0.0288462 
9 0.341346 0.444712 0.0192308 0.0336538 
2 0.585337 0.516827 0.03125 0.0240385 
0 0.225962 0.544471 0.0192308 0.0600962 
