1 0.832933 0.622596 0.132212 0.0865385 
0 0.514423 0.645433 0.120192 0.237981 
2 0.425481 0.538462 0.0625 0.0528846 
0 0.0841346 0.592548 0.0576923 0.170673 
0 0.832933 0.588942 0.0793269 0.129808 
0 0.125 0.543269 0.0288462 0.0673077 
2 0.699519 0.542067 0.0817308 0.0408654 
9 0.949519 0.445913 0.0240385 0.0360577 
2 0.643029 0.530048 0.0504808 0.03125 
0 0.834135 0.621394 0.129808 0.0889423 
9 0.201923 0.481971 0.0192308 0.0216346 
2 0.65625 0.534856 0.0480769 0.03125 
2 0.59375 0.518029 0.0336538 0.0264423 
0 0.941106 0.540865 0.0264423 0.0769231 
2 0.585337 0.514423 0.03125 0.0240385 
2 0.604567 0.521635 0.0360577 0.0288462 
0 0.225962 0.546875 0.0192308 0.0600962 
