2 0.425481 0.538462 0.0625 0.0528846 
0 0.106971 0.585337 0.0552885 0.146635 
0 0.725962 0.647837 0.0913462 0.213942 
9 0.948317 0.445913 0.0216346 0.0360577 
2 0.69351 0.539663 0.0745192 0.0408654 
2 0.655048 0.532452 0.0504808 0.03125 
2 0.635817 0.528846 0.0408654 0.0336538 
9 0.200721 0.483173 0.0168269 0.0240385 
0 0.942308 0.540865 0.0288462 0.0769231 
2 0.594952 0.519231 0.0360577 0.0288462 
0 0.21875 0.543269 0.0192308 0.0673077 
2 0.603365 0.522837 0.0336538 0.03125 
0 0.133413 0.550481 0.0264423 0.0817308 
