2 0.425481 0.538462 0.0625 0.0528846 
9 0.949519 0.445913 0.0240385 0.0360577 
0 0.153846 0.544471 0.0288462 0.0697115 
0 0.534856 0.608173 0.0600962 0.177885 
2 0.65625 0.532452 0.0576923 0.0360577 
0 0.253606 0.540865 0.0216346 0.0625 
2 0.634615 0.527644 0.0432692 0.03125 
2 0.695913 0.540865 0.0841346 0.0432692 
2 0.594952 0.519231 0.0360577 0.0288462 
9 0.342548 0.442308 0.0216346 0.0288462 
2 0.584135 0.515625 0.0288462 0.0264423 
2 0.604567 0.522837 0.03125 0.03125 
9 0.200721 0.484375 0.0216346 0.0216346 
0 0.941106 0.545673 0.0264423 0.0673077 
