2 0.424279 0.538462 0.0600962 0.0528846 
2 0.0300481 0.591346 0.0600962 0.0721154 
0 0.319712 0.540865 0.0240385 0.0721154 
0 0.153846 0.543269 0.0288462 0.0721154 
9 0.949519 0.445913 0.0240385 0.0360577 
0 0.260817 0.53125 0.0216346 0.0625 
2 0.698317 0.540865 0.0793269 0.0432692 
2 0.643029 0.530048 0.0456731 0.03125 
0 0.941106 0.545673 0.0264423 0.0673077 
0 0.225962 0.545673 0.0192308 0.0576923 
9 0.342548 0.444712 0.0216346 0.0336538 
2 0.65625 0.534856 0.0480769 0.03125 
2 0.594952 0.518029 0.0360577 0.0264423 
2 0.584135 0.516827 0.0288462 0.0240385 
9 0.201923 0.481971 0.0192308 0.0216346 
2 0.603365 0.520433 0.0336538 0.03125 
