1 0.227163 0.617788 0.146635 0.0865385 
2 0.425481 0.538462 0.0625 0.0528846 
0 0.121394 0.608173 0.0552885 0.177885 
0 0.149038 0.544471 0.0240385 0.0697115 
0 0.227163 0.578125 0.0841346 0.127404 
2 0.700721 0.542067 0.0793269 0.0408654 
9 0.948317 0.445913 0.0216346 0.0360577 
2 0.644231 0.528846 0.0528846 0.0336538 
9 0.342548 0.451923 0.0216346 0.0480769 
0 0.896635 0.540865 0.0288462 0.0625 
0 0.942308 0.543269 0.0240385 0.0721154 
2 0.65625 0.534856 0.0480769 0.0360577 
24 0.191106 0.548077 0.0408654 0.0384615 
9 0.200721 0.481971 0.0216346 0.0216346 
2 0.59375 0.516827 0.0336538 0.0240385 
2 0.584135 0.514423 0.0288462 0.0240385 
2 0.569712 0.510817 0.0240385 0.0216346 
