10 0.405048 0.759615 0.0745192 0.129808 
12 0.169471 0.643029 0.0456731 0.103365 
0 0.514423 0.606971 0.0528846 0.165865 
0 0.628606 0.594952 0.0504808 0.15625 
0 0.336538 0.584135 0.0673077 0.125 
0 0.262019 0.598558 0.0480769 0.129808 
0 0.569712 0.543269 0.0480769 0.0913462 
1 0.572115 0.56851 0.0721154 0.0793269 
26 0.65024 0.633413 0.0264423 0.0408654 
2 0.411058 0.512019 0.0769231 0.0384615 
0 0.570913 0.567308 0.0697115 0.0817308 
7 0.66226 0.473558 0.228365 0.168269 
9 0.679087 0.204327 0.03125 0.0625 
