1 0.383413 0.61899 0.151442 0.09375 
2 0.425481 0.539663 0.0625 0.0504808 
0 0.0612981 0.674279 0.122596 0.252404 
0 0.146635 0.542067 0.0288462 0.0745192 
0 0.379808 0.580529 0.0769231 0.122596 
9 0.948317 0.445913 0.0216346 0.0360577 
0 0.915865 0.540865 0.0240385 0.0625 
2 0.641827 0.530048 0.0528846 0.0360577 
2 0.699519 0.540865 0.0769231 0.0432692 
0 0.939904 0.543269 0.0288462 0.0721154 
9 0.342548 0.450721 0.0216346 0.0456731 
24 0.344952 0.543269 0.0456731 0.0528846 
2 0.65625 0.533654 0.0528846 0.0336538 
2 0.594952 0.518029 0.0360577 0.0264423 
0 0.225962 0.548077 0.0192308 0.0528846 
2 0.584135 0.515625 0.0288462 0.0264423 
2 0.603365 0.522837 0.0288462 0.03125 
9 0.200721 0.481971 0.0216346 0.0216346 
2 0.463942 0.50601 0.0336538 0.0408654 
