2 0.0576923 0.584135 0.115385 0.100962 
2 0.425481 0.538462 0.0625 0.0528846 
0 0.152644 0.544471 0.03125 0.0745192 
9 0.948317 0.445913 0.0216346 0.0360577 
2 0.700721 0.542067 0.0745192 0.0408654 
2 0.65625 0.533654 0.0528846 0.0336538 
2 0.643029 0.530048 0.0504808 0.03125 
0 0.260817 0.533654 0.0216346 0.0576923 
0 0.941106 0.544471 0.0264423 0.0697115 
0 0.314904 0.53726 0.0288462 0.0745192 
2 0.594952 0.518029 0.0360577 0.0264423 
9 0.342548 0.444712 0.0216346 0.0336538 
0 0.225962 0.543269 0.0192308 0.0625 
2 0.584135 0.516827 0.0288462 0.0240385 
