0 0.262019 0.658654 0.134615 0.254808 
1 0.578125 0.620192 0.151442 0.0913462 
2 0.425481 0.538462 0.0625 0.0528846 
0 0.0793269 0.602163 0.0576923 0.175481 
2 0.698317 0.542067 0.0793269 0.0408654 
0 0.573317 0.579327 0.0793269 0.134615 
0 0.140625 0.544471 0.03125 0.0697115 
9 0.948317 0.445913 0.0216346 0.0360577 
24 0.542067 0.551683 0.0504808 0.0408654 
2 0.640625 0.528846 0.0504808 0.0336538 
2 0.65625 0.533654 0.0528846 0.0336538 
9 0.201923 0.483173 0.0192308 0.0192308 
0 0.941106 0.543269 0.0264423 0.0721154 
2 0.605769 0.522837 0.0336538 0.03125 
2 0.463942 0.50601 0.0336538 0.0408654 
26 0.260817 0.616587 0.0793269 0.0793269 
9 0.342548 0.442308 0.0216346 0.0288462 
