2 0.425481 0.53726 0.0625 0.0552885 
2 0.0444712 0.576923 0.0889423 0.115385 
0 0.483173 0.602163 0.0865385 0.194712 
0 0.258413 0.53726 0.0216346 0.0600962 
9 0.949519 0.445913 0.0240385 0.0360577 
2 0.699519 0.542067 0.0721154 0.0408654 
2 0.643029 0.530048 0.0504808 0.03125 
0 0.153846 0.545673 0.0288462 0.0673077 
2 0.65625 0.533654 0.0480769 0.0336538 
0 0.941106 0.545673 0.0264423 0.0673077 
9 0.341346 0.44351 0.0192308 0.03125 
2 0.592548 0.519231 0.0360577 0.0288462 
0 0.225962 0.546875 0.0192308 0.0552885 
9 0.199519 0.484375 0.0240385 0.0216346 
2 0.604567 0.522837 0.0360577 0.03125 
