2 0.106971 0.580529 0.213942 0.108173 
2 0.425481 0.538462 0.0625 0.0528846 
0 0.30649 0.542067 0.0264423 0.0649038 
2 0.703125 0.540865 0.0745192 0.0432692 
9 0.949519 0.445913 0.0240385 0.0360577 
2 0.644231 0.528846 0.0480769 0.0336538 
0 0.539663 0.538462 0.0216346 0.0480769 
0 0.260817 0.534856 0.0216346 0.0552885 
2 0.65625 0.533654 0.0480769 0.0336538 
0 0.941106 0.544471 0.0264423 0.0697115 
0 0.225962 0.549279 0.0192308 0.0552885 
9 0.200721 0.481971 0.0216346 0.0216346 
2 0.59375 0.516827 0.0336538 0.0240385 
