2 0.842548 0.584135 0.305288 0.110577 
2 0.425481 0.538462 0.0625 0.0528846 
0 0.223558 0.61899 0.0865385 0.151442 
0 0.289663 0.544471 0.0264423 0.0697115 
9 0.949519 0.445913 0.0240385 0.0360577 
2 0.655048 0.533654 0.0552885 0.0336538 
0 0.942308 0.540865 0.0240385 0.0528846 
2 0.688702 0.538462 0.0649038 0.0432692 
0 0.152644 0.545673 0.0264423 0.0673077 
2 0.634615 0.527644 0.0384615 0.03125 
9 0.342548 0.44351 0.0216346 0.03125 
9 0.200721 0.484375 0.0168269 0.0216346 
2 0.59375 0.516827 0.0336538 0.0240385 
2 0.455529 0.522837 0.0264423 0.03125 
0 0.322115 0.53726 0.0144231 0.0456731 
2 0.582933 0.514423 0.0264423 0.0240385 
