2 0.36899 0.578125 0.300481 0.117788 
2 0.429087 0.53125 0.0649038 0.0432692 
0 0.346154 0.616587 0.0769231 0.161058 
9 0.948317 0.445913 0.0216346 0.0360577 
2 0.700721 0.542067 0.0793269 0.0408654 
2 0.641827 0.528846 0.0528846 0.0336538 
0 0.366587 0.586538 0.170673 0.125 
0 0.798077 0.542067 0.0240385 0.0649038 
2 0.65625 0.532452 0.0528846 0.03125 
0 0.941106 0.543269 0.0264423 0.0721154 
2 0.46274 0.50601 0.0360577 0.0408654 
9 0.342548 0.44351 0.0216346 0.03125 
9 0.200721 0.484375 0.0168269 0.0216346 
0 0.155048 0.543269 0.03125 0.0721154 
