0 0.776442 0.638221 0.0817308 0.223558 
2 0.425481 0.538462 0.0625 0.0528846 
0 0.108173 0.59375 0.0528846 0.120192 
9 0.948317 0.445913 0.0216346 0.0360577 
2 0.644231 0.530048 0.0480769 0.03125 
2 0.700721 0.542067 0.0745192 0.0408654 
0 0.942308 0.543269 0.0288462 0.0721154 
2 0.655048 0.534856 0.0456731 0.03125 
9 0.200721 0.481971 0.0168269 0.0216346 
2 0.59375 0.518029 0.0336538 0.0264423 
2 0.584135 0.515625 0.0288462 0.0264423 
9 0.342548 0.442308 0.0216346 0.0288462 
2 0.604567 0.522837 0.03125 0.03125 
0 0.295673 0.544471 0.0240385 0.0649038 
