0 0.133413 0.669471 0.132212 0.247596 
1 0.461538 0.617788 0.149038 0.0961538 
0 0.0817308 0.59976 0.0576923 0.185096 
0 0.456731 0.584135 0.0769231 0.134615 
2 0.699519 0.540865 0.0769231 0.0432692 
9 0.949519 0.445913 0.0240385 0.0360577 
2 0.426683 0.533654 0.0649038 0.0432692 
2 0.65625 0.533654 0.0528846 0.0336538 
2 0.634615 0.527644 0.0432692 0.03125 
0 0.94351 0.544471 0.0264423 0.0697115 
2 0.594952 0.518029 0.0360577 0.0264423 
9 0.342548 0.451923 0.0216346 0.0480769 
9 0.200721 0.483173 0.0216346 0.0240385 
2 0.585337 0.515625 0.03125 0.0264423 
24 0.425481 0.551683 0.0432692 0.0408654 
0 0.144231 0.539663 0.0288462 0.0649038 
2 0.570913 0.512019 0.0264423 0.0240385 
