10 0.405048 0.759615 0.0745192 0.129808 
2 0.652644 0.548077 0.228365 0.0961538 
0 0.629808 0.597356 0.0432692 0.151442 
0 0.516827 0.59375 0.0625 0.192308 
0 0.0348558 0.552885 0.0408654 0.105769 
0 0.217548 0.570913 0.0456731 0.108173 
26 0.65024 0.633413 0.0264423 0.0408654 
7 0.659856 0.459135 0.228365 0.144231 
56 0.407452 0.59375 0.0552885 0.0817308 
2 0.419471 0.513221 0.0985577 0.0408654 
9 0.677885 0.203125 0.0288462 0.0649038 
7 0.711538 0.486779 0.125 0.0745192 
12 0.169471 0.667067 0.0360577 0.0841346 
