2 0.200721 0.575721 0.310096 0.112981 
2 0.429087 0.53726 0.0552885 0.0504808 
0 0.390625 0.616587 0.0504808 0.170673 
2 0.699519 0.540865 0.0817308 0.0432692 
9 0.948317 0.445913 0.0216346 0.0360577 
2 0.643029 0.530048 0.0504808 0.03125 
0 0.941106 0.542067 0.0264423 0.0745192 
0 0.78125 0.546875 0.0240385 0.0552885 
2 0.594952 0.519231 0.0360577 0.0288462 
9 0.342548 0.449519 0.0216346 0.0432692 
2 0.604567 0.522837 0.0360577 0.03125 
2 0.657452 0.534856 0.0456731 0.03125 
9 0.200721 0.483173 0.0168269 0.0240385 
