2 0.424279 0.538462 0.0600962 0.0528846 
0 0.331731 0.543269 0.0384615 0.0673077 
9 0.949519 0.445913 0.0240385 0.0360577 
2 0.697115 0.539663 0.0769231 0.0408654 
2 0.643029 0.528846 0.0504808 0.0336538 
0 0.942308 0.544471 0.0240385 0.0697115 
0 0.263221 0.53125 0.0216346 0.0576923 
9 0.342548 0.442308 0.0216346 0.0240385 
0 0.153846 0.546875 0.0288462 0.0649038 
0 0.225962 0.545673 0.0192308 0.0576923 
2 0.65625 0.533654 0.0480769 0.0336538 
9 0.201923 0.481971 0.0192308 0.0216346 
0 0.509615 0.539663 0.0192308 0.0600962 
