2 0.425481 0.538462 0.0625 0.0528846 
0 0.0709135 0.549279 0.03125 0.0793269 
0 0.122596 0.578125 0.0480769 0.122596 
2 0.701923 0.540865 0.0721154 0.0432692 
9 0.949519 0.445913 0.0240385 0.0360577 
0 0.969952 0.632212 0.0600962 0.211538 
0 0.284856 0.545673 0.0264423 0.0673077 
2 0.655048 0.532452 0.0504808 0.03125 
2 0.634615 0.527644 0.0432692 0.03125 
0 0.941106 0.543269 0.0264423 0.0721154 
2 0.594952 0.519231 0.0360577 0.0288462 
26 0.96875 0.59375 0.0625 0.0865385 
2 0.584135 0.516827 0.0288462 0.0240385 
0 0.0216346 0.549279 0.0288462 0.0552885 
