0 0.0985577 0.670673 0.163462 0.254808 
1 0.420673 0.616587 0.149038 0.09375 
0 0.417067 0.585337 0.0745192 0.122596 
2 0.698317 0.540865 0.0793269 0.0432692 
2 0.427885 0.534856 0.0673077 0.0456731 
9 0.948317 0.445913 0.0216346 0.0360577 
0 0.145433 0.544471 0.03125 0.0697115 
2 0.643029 0.528846 0.0552885 0.0336538 
0 0.942308 0.544471 0.0288462 0.0697115 
0 0.0841346 0.554087 0.0576923 0.0697115 
9 0.200721 0.483173 0.0216346 0.0240385 
2 0.657452 0.533654 0.0504808 0.0336538 
0 0.917067 0.539663 0.0264423 0.0697115 
2 0.584135 0.515625 0.0288462 0.0264423 
2 0.592548 0.518029 0.0360577 0.0264423 
24 0.383413 0.550481 0.0360577 0.0384615 
0 0.225962 0.548077 0.0192308 0.0576923 
2 0.605769 0.520433 0.0336538 0.03125 
9 0.341346 0.44351 0.0240385 0.03125 
2 0.569712 0.512019 0.0288462 0.0240385 
