2 0.930288 0.586538 0.139423 0.105769 
0 0.167067 0.606971 0.0649038 0.170673 
1 0.0564904 0.612981 0.112981 0.0865385 
2 0.425481 0.538462 0.0625 0.0528846 
0 0.0408654 0.572115 0.0817308 0.120192 
2 0.700721 0.540865 0.0793269 0.0432692 
9 0.949519 0.445913 0.0240385 0.0360577 
2 0.655048 0.533654 0.0504808 0.0336538 
2 0.634615 0.527644 0.0432692 0.03125 
0 0.15024 0.544471 0.0264423 0.0697115 
9 0.201923 0.483173 0.0192308 0.0240385 
9 0.342548 0.442308 0.0216346 0.0288462 
2 0.594952 0.516827 0.0360577 0.0240385 
