0 0.581731 0.614183 0.0961538 0.170673 
2 0.424279 0.538462 0.0600962 0.0528846 
9 0.949519 0.445913 0.0240385 0.0360577 
2 0.653846 0.532452 0.0528846 0.03125 
0 0.153846 0.546875 0.0288462 0.0649038 
0 0.942308 0.546875 0.0240385 0.0649038 
2 0.709135 0.543269 0.0576923 0.0384615 
2 0.635817 0.527644 0.0408654 0.03125 
9 0.200721 0.483173 0.0216346 0.0240385 
0 0.227163 0.552885 0.0168269 0.0480769 
2 0.570913 0.509615 0.03125 0.0240385 
9 0.341346 0.44351 0.0240385 0.03125 
2 0.584135 0.514423 0.0288462 0.0240385 
2 0.454327 0.526442 0.0240385 0.0336538 
0 0.252404 0.539663 0.0192308 0.0552885 
