10 0.403846 0.759615 0.0721154 0.129808 
12 0.169471 0.643029 0.0456731 0.103365 
0 0.629808 0.597356 0.0480769 0.151442 
1 0.766827 0.588942 0.115385 0.0817308 
0 0.448317 0.598558 0.0841346 0.197115 
0 0.515625 0.59375 0.0600962 0.192308 
0 0.385817 0.580529 0.0649038 0.146635 
26 0.65024 0.633413 0.03125 0.0408654 
2 0.856971 0.53726 0.112981 0.0504808 
0 0.757212 0.560096 0.0528846 0.0961538 
9 0.677885 0.204327 0.0288462 0.0625 
7 0.710337 0.495192 0.127404 0.0913462 
26 0.481971 0.579327 0.0360577 0.0865385 
