0 0.0805288 0.605769 0.0600962 0.168269 
0 0.188702 0.669471 0.0889423 0.237981 
1 0.498798 0.617788 0.146635 0.0913462 
2 0.426683 0.538462 0.0649038 0.0528846 
0 0.143029 0.544471 0.03125 0.0697115 
0 0.497596 0.581731 0.0817308 0.139423 
9 0.949519 0.445913 0.0240385 0.0360577 
2 0.697115 0.539663 0.0817308 0.0408654 
2 0.643029 0.528846 0.0504808 0.0336538 
9 0.201923 0.483173 0.0192308 0.0240385 
2 0.65625 0.533654 0.0528846 0.0336538 
2 0.594952 0.518029 0.0360577 0.0264423 
24 0.164663 0.633413 0.0456731 0.0889423 
2 0.603365 0.522837 0.0336538 0.03125 
9 0.341346 0.442308 0.0192308 0.0288462 
2 0.584135 0.514423 0.0288462 0.0240385 
0 0.94351 0.546875 0.0264423 0.0649038 
