0 0.103365 0.608173 0.0817308 0.173077 
1 0.265625 0.617788 0.151442 0.0865385 
2 0.425481 0.538462 0.0625 0.0528846 
0 0.263221 0.578125 0.0745192 0.117788 
0 0.149038 0.544471 0.0288462 0.0697115 
9 0.949519 0.445913 0.0240385 0.0360577 
2 0.700721 0.542067 0.0793269 0.0408654 
24 0.228365 0.546875 0.0432692 0.0408654 
2 0.655048 0.532452 0.0504808 0.03125 
0 0.942308 0.546875 0.0240385 0.0649038 
2 0.633413 0.527644 0.0408654 0.03125 
9 0.200721 0.481971 0.0216346 0.0216346 
2 0.594952 0.519231 0.0360577 0.0288462 
0 0.325721 0.536058 0.0168269 0.0480769 
9 0.341346 0.444712 0.0240385 0.0336538 
2 0.582933 0.515625 0.03125 0.0264423 
2 0.570913 0.510817 0.0264423 0.0216346 
