0 0.575721 0.614183 0.0889423 0.170673 
2 0.424279 0.538462 0.0600962 0.0528846 
9 0.949519 0.445913 0.0240385 0.0360577 
0 0.153846 0.546875 0.0288462 0.0649038 
0 0.942308 0.546875 0.0240385 0.0649038 
2 0.643029 0.530048 0.0504808 0.03125 
0 0.189904 0.540865 0.0192308 0.0625 
2 0.698317 0.542067 0.0793269 0.0408654 
9 0.200721 0.483173 0.0216346 0.0240385 
2 0.65625 0.534856 0.0480769 0.03125 
2 0.569712 0.509615 0.0336538 0.0240385 
0 0.252404 0.539663 0.0192308 0.0552885 
9 0.342548 0.44351 0.0216346 0.03125 
2 0.59375 0.516827 0.0336538 0.0240385 
