2 0.134615 0.582933 0.269231 0.108173 
2 0.424279 0.538462 0.0600962 0.0528846 
9 0.948317 0.445913 0.0216346 0.0360577 
2 0.701923 0.542067 0.0721154 0.0408654 
2 0.641827 0.530048 0.0480769 0.03125 
0 0.305288 0.53726 0.0240385 0.0697115 
0 0.942308 0.546875 0.0240385 0.0649038 
0 0.544471 0.539663 0.0216346 0.0600962 
9 0.340144 0.457933 0.0264423 0.0552885 
2 0.65625 0.534856 0.0432692 0.03125 
0 0.258413 0.532452 0.0216346 0.0600962 
2 0.594952 0.518029 0.0360577 0.0264423 
2 0.603365 0.522837 0.0336538 0.03125 
9 0.200721 0.481971 0.0216346 0.0216346 
