0 0.507212 0.615385 0.0961538 0.168269 
2 0.425481 0.538462 0.0625 0.0528846 
2 0.704327 0.543269 0.0769231 0.0432692 
9 0.948317 0.445913 0.0216346 0.0360577 
0 0.152644 0.548077 0.0264423 0.0625 
2 0.643029 0.528846 0.0504808 0.0336538 
0 0.254808 0.539663 0.0240385 0.0649038 
0 0.942308 0.546875 0.0240385 0.0649038 
2 0.59375 0.519231 0.0336538 0.0288462 
9 0.200721 0.484375 0.0216346 0.0216346 
2 0.585337 0.516827 0.03125 0.0240385 
2 0.65625 0.533654 0.0480769 0.0336538 
9 0.341346 0.442308 0.0192308 0.0288462 
2 0.603365 0.522837 0.0336538 0.03125 
2 0.00961538 0.581731 0.0192308 0.0528846 
2 0.454327 0.52524 0.0240385 0.03125 
