0 0.375 0.65625 0.139423 0.245192 
0 0.078125 0.602163 0.0600962 0.165865 
1 0.689904 0.61899 0.144231 0.0889423 
2 0.426683 0.538462 0.0649038 0.0528846 
0 0.133413 0.544471 0.03125 0.0697115 
0 0.682692 0.581731 0.0913462 0.134615 
9 0.950721 0.445913 0.0216346 0.0360577 
0 0.941106 0.545673 0.0264423 0.0673077 
2 0.641827 0.528846 0.0480769 0.0336538 
24 0.360577 0.610577 0.0336538 0.0721154 
2 0.711538 0.542067 0.0576923 0.0408654 
9 0.342548 0.44351 0.0216346 0.03125 
9 0.200721 0.483173 0.0216346 0.0240385 
24 0.65625 0.550481 0.0432692 0.0432692 
2 0.46274 0.50601 0.03125 0.0360577 
