0 0.835337 0.637019 0.103365 0.221154 
0 0.112981 0.581731 0.0528846 0.139423 
2 0.425481 0.538462 0.0625 0.0528846 
9 0.949519 0.445913 0.0240385 0.0360577 
2 0.697115 0.540865 0.0817308 0.0432692 
0 0.94351 0.545673 0.0264423 0.0673077 
2 0.644231 0.530048 0.0480769 0.03125 
0 0.0889423 0.543269 0.0240385 0.0673077 
9 0.342548 0.442308 0.0216346 0.0288462 
0 0.294471 0.543269 0.0264423 0.0673077 
2 0.59375 0.518029 0.0336538 0.0264423 
2 0.633413 0.527644 0.0408654 0.03125 
2 0.584135 0.516827 0.0288462 0.0240385 
