5 0.0721154 0.514423 0.144231 0.211538 
2 0.456731 0.536058 0.0528846 0.0528846 
0 0.197115 0.543269 0.0240385 0.0673077 
2 0.721154 0.538462 0.0769231 0.0432692 
0 0.342548 0.527644 0.0168269 0.0504808 
2 0.677885 0.530048 0.0480769 0.03125 
9 0.966346 0.445913 0.0240385 0.0360577 
0 0.305288 0.530048 0.0192308 0.0552885 
2 0.667067 0.52524 0.0408654 0.03125 
2 0.489183 0.504808 0.03125 0.0384615 
0 0.219952 0.532452 0.0216346 0.0600962 
0 0.965144 0.532452 0.0264423 0.09375 
2 0.592548 0.509615 0.0264423 0.0192308 
