0 0.078125 0.604567 0.0552885 0.165865 
0 0.338942 0.658654 0.0865385 0.235577 
1 0.652644 0.620192 0.141827 0.0913462 
2 0.426683 0.538462 0.0600962 0.0528846 
0 0.135817 0.545673 0.03125 0.0673077 
0 0.65024 0.585337 0.0841346 0.132212 
9 0.949519 0.445913 0.0240385 0.0360577 
2 0.700721 0.542067 0.0745192 0.0408654 
0 0.941106 0.545673 0.0264423 0.0673077 
2 0.463942 0.50601 0.0336538 0.0408654 
24 0.617788 0.550481 0.0432692 0.0432692 
9 0.200721 0.483173 0.0216346 0.0240385 
0 0.293269 0.544471 0.0240385 0.0697115 
9 0.340144 0.455529 0.0264423 0.0552885 
