5 0.180288 0.520433 0.360577 0.228365 
2 0.436298 0.536058 0.0600962 0.0528846 
2 0.707933 0.540865 0.0745192 0.0432692 
9 0.953125 0.444712 0.0216346 0.0384615 
0 0.947115 0.545673 0.0288462 0.0625 
2 0.661058 0.528846 0.0480769 0.0336538 
0 0.579327 0.542067 0.0288462 0.0600962 
9 0.354567 0.442308 0.0216346 0.0288462 
0 0.558894 0.540865 0.0264423 0.0625 
2 0.645433 0.526442 0.0360577 0.0336538 
2 0.579327 0.508413 0.0432692 0.0168269 
1 0.569712 0.557692 0.0480769 0.0384615 
2 0.473558 0.50601 0.0288462 0.0360577 
