0 0.100962 0.608173 0.0673077 0.173077 
1 0.342548 0.61899 0.146635 0.0889423 
2 0.425481 0.538462 0.0625 0.0528846 
0 0.341346 0.585337 0.0769231 0.132212 
0 0.0276442 0.677885 0.0552885 0.254808 
0 0.147837 0.544471 0.0264423 0.0697115 
9 0.949519 0.445913 0.0240385 0.0360577 
2 0.699519 0.542067 0.0769231 0.0408654 
2 0.645433 0.530048 0.0504808 0.03125 
0 0.942308 0.546875 0.0240385 0.0649038 
0 0.91226 0.538462 0.0216346 0.0625 
9 0.201923 0.483173 0.0192308 0.0192308 
9 0.341346 0.442308 0.0192308 0.0288462 
2 0.567308 0.509615 0.0240385 0.0192308 
2 0.59375 0.516827 0.0336538 0.0240385 
2 0.46274 0.50601 0.0360577 0.0408654 
2 0.584135 0.514423 0.0288462 0.0240385 
