2 0.594952 0.586538 0.324519 0.110577 
0 0.90625 0.615385 0.0480769 0.173077 
2 0.427885 0.536058 0.0625 0.0528846 
0 0.153846 0.546875 0.0288462 0.0649038 
9 0.949519 0.445913 0.0240385 0.0360577 
2 0.697115 0.540865 0.0865385 0.0432692 
1 0.266827 0.555288 0.0288462 0.0432692 
0 0.264423 0.534856 0.0336538 0.0600962 
0 0.942308 0.548077 0.0240385 0.0625 
9 0.341346 0.456731 0.0240385 0.0576923 
0 0.853365 0.539663 0.0240385 0.0504808 
2 0.65625 0.53125 0.0625 0.0336538 
9 0.200721 0.481971 0.0216346 0.0216346 
0 0.225962 0.548077 0.0192308 0.0576923 
