0 0.110577 0.586538 0.0528846 0.144231 
2 0.425481 0.538462 0.0625 0.0528846 
0 0.810096 0.641827 0.0721154 0.211538 
9 0.948317 0.445913 0.0216346 0.0360577 
2 0.700721 0.542067 0.0745192 0.0408654 
2 0.641827 0.530048 0.0480769 0.03125 
0 0.94351 0.545673 0.0264423 0.0673077 
2 0.65625 0.533654 0.0480769 0.0336538 
9 0.200721 0.481971 0.0168269 0.0216346 
9 0.341346 0.44351 0.0240385 0.03125 
2 0.584135 0.515625 0.0288462 0.0216346 
9 0.340144 0.455529 0.0264423 0.0600962 
0 0.215144 0.550481 0.0216346 0.0528846 
