0 0.578125 0.651442 0.0745192 0.225962 
0 0.0925481 0.592548 0.0552885 0.15625 
1 0.901442 0.620192 0.129808 0.0865385 
2 0.427885 0.538462 0.0625 0.0528846 
0 0.903846 0.585337 0.0721154 0.117788 
2 0.700721 0.542067 0.0745192 0.0408654 
9 0.949519 0.444712 0.0240385 0.0384615 
2 0.65625 0.533654 0.0528846 0.0336538 
0 0.117788 0.551683 0.0288462 0.0841346 
24 0.877404 0.558894 0.0384615 0.0456731 
2 0.634615 0.527644 0.0432692 0.03125 
24 0.5625 0.605769 0.0336538 0.0625 
0 0.223558 0.546875 0.0240385 0.0600962 
0 0.94351 0.548077 0.0264423 0.0625 
9 0.341346 0.442308 0.0192308 0.0288462 
9 0.200721 0.483173 0.0216346 0.0240385 
0 0.294471 0.544471 0.0216346 0.0697115 
