0 0.126202 0.573317 0.0504808 0.127404 
2 0.425481 0.538462 0.0625 0.0528846 
0 0.0564904 0.549279 0.0360577 0.0889423 
2 0.703125 0.540865 0.0697115 0.0432692 
9 0.948317 0.445913 0.0216346 0.0360577 
0 0.944712 0.544471 0.0288462 0.0697115 
2 0.641827 0.530048 0.0480769 0.03125 
0 0.282452 0.548077 0.0264423 0.0625 
2 0.655048 0.532452 0.0456731 0.03125 
9 0.201923 0.481971 0.0144231 0.0216346 
2 0.603365 0.520433 0.0336538 0.03125 
9 0.342548 0.44351 0.0216346 0.03125 
0 0.194712 0.546875 0.0288462 0.0649038 
1 0.194712 0.548077 0.0288462 0.0625 
