2 0.0637019 0.573317 0.127404 0.112981 
0 0.469952 0.606971 0.0600962 0.185096 
2 0.425481 0.538462 0.0625 0.0528846 
9 0.949519 0.445913 0.0240385 0.0360577 
0 0.153846 0.545673 0.0288462 0.0673077 
2 0.697115 0.540865 0.0817308 0.0432692 
2 0.645433 0.530048 0.0504808 0.03125 
0 0.259615 0.53726 0.0240385 0.0649038 
0 0.941106 0.546875 0.0264423 0.0649038 
9 0.201923 0.483173 0.0192308 0.0240385 
2 0.594952 0.519231 0.0360577 0.0288462 
0 0.171875 0.538462 0.0216346 0.0625 
0 0.225962 0.546875 0.0192308 0.0552885 
9 0.341346 0.44351 0.0192308 0.03125 
2 0.585337 0.516827 0.03125 0.0240385 
