0 0.515625 0.646635 0.122596 0.235577 
1 0.832933 0.622596 0.132212 0.0865385 
0 0.0853365 0.59976 0.0552885 0.161058 
2 0.425481 0.538462 0.0625 0.0528846 
0 0.832933 0.588942 0.0793269 0.129808 
0 0.123798 0.544471 0.03125 0.0697115 
9 0.949519 0.445913 0.0240385 0.0360577 
2 0.700721 0.542067 0.0793269 0.0408654 
2 0.643029 0.530048 0.0504808 0.03125 
24 0.503606 0.605769 0.0456731 0.0865385 
0 0.94351 0.545673 0.0264423 0.0673077 
0 0.834135 0.621394 0.129808 0.0889423 
2 0.65625 0.534856 0.0480769 0.03125 
0 0.225962 0.548077 0.0240385 0.0576923 
0 0.293269 0.543269 0.0240385 0.0673077 
9 0.340144 0.455529 0.0264423 0.0552885 
2 0.59375 0.518029 0.0336538 0.0264423 
2 0.604567 0.521635 0.0360577 0.0288462 
2 0.585337 0.514423 0.03125 0.0240385 
0 0.97476 0.539663 0.0264423 0.0649038 
0 0.0216346 0.549279 0.0336538 0.0552885 
