0 0.106971 0.585337 0.0552885 0.146635 
0 0.72476 0.644231 0.09375 0.221154 
2 0.425481 0.538462 0.0625 0.0528846 
9 0.948317 0.445913 0.0216346 0.0360577 
2 0.694712 0.539663 0.0721154 0.0408654 
2 0.655048 0.532452 0.0504808 0.03125 
0 0.94351 0.545673 0.0264423 0.0673077 
2 0.635817 0.527644 0.0408654 0.03125 
0 0.295673 0.540865 0.0240385 0.0721154 
24 0.713942 0.603365 0.0432692 0.0769231 
9 0.201923 0.480769 0.0192308 0.0240385 
9 0.341346 0.44351 0.0240385 0.03125 
2 0.594952 0.519231 0.0360577 0.0288462 
9 0.340144 0.455529 0.0264423 0.0552885 
