0 0.533654 0.611779 0.0576923 0.170673 
2 0.425481 0.538462 0.0625 0.0528846 
9 0.949519 0.445913 0.0240385 0.0360577 
0 0.153846 0.548077 0.0288462 0.0625 
2 0.695913 0.540865 0.0841346 0.0432692 
0 0.252404 0.539663 0.0240385 0.0649038 
2 0.644231 0.528846 0.0528846 0.0336538 
0 0.942308 0.546875 0.0240385 0.0649038 
2 0.594952 0.519231 0.0360577 0.0288462 
9 0.201923 0.481971 0.0192308 0.0216346 
2 0.65625 0.533654 0.0528846 0.0336538 
2 0.584135 0.515625 0.0288462 0.0264423 
9 0.342548 0.442308 0.0216346 0.0288462 
2 0.604567 0.522837 0.03125 0.03125 
0 0.185096 0.539663 0.0192308 0.0600962 
