0 0.640625 0.643029 0.127404 0.237981 
0 0.0997596 0.592548 0.0552885 0.146635 
2 0.425481 0.538462 0.0625 0.0528846 
1 0.953125 0.620192 0.09375 0.0865385 
0 0.961538 0.581731 0.0769231 0.115385 
0 0.221154 0.548077 0.0240385 0.0625 
9 0.949519 0.445913 0.0240385 0.0360577 
2 0.695913 0.540865 0.0889423 0.0432692 
2 0.643029 0.528846 0.0600962 0.0336538 
0 0.114183 0.53125 0.0264423 0.0480769 
9 0.340144 0.44351 0.0216346 0.03125 
9 0.200721 0.481971 0.0168269 0.0216346 
2 0.59375 0.518029 0.0336538 0.0264423 
2 0.584135 0.515625 0.0288462 0.0264423 
2 0.604567 0.521635 0.0360577 0.0288462 
9 0.340144 0.454327 0.0264423 0.0528846 
