0 0.125 0.572115 0.0528846 0.129808 
2 0.426683 0.538462 0.0649038 0.0528846 
0 0.0625 0.544471 0.0336538 0.0841346 
9 0.949519 0.444712 0.0240385 0.0384615 
2 0.699519 0.540865 0.0769231 0.0432692 
0 0.282452 0.545673 0.0264423 0.0673077 
0 0.980769 0.633413 0.0384615 0.204327 
2 0.645433 0.530048 0.0504808 0.03125 
0 0.94351 0.546875 0.0264423 0.0649038 
0 0.198317 0.548077 0.0216346 0.0625 
9 0.200721 0.480769 0.0168269 0.0240385 
9 0.341346 0.441106 0.0192308 0.0264423 
0 0.895433 0.530048 0.0120192 0.0408654 
