0 0.484375 0.652644 0.09375 0.233173 
0 0.0817308 0.598558 0.0576923 0.153846 
1 0.798077 0.620192 0.134615 0.0865385 
2 0.426683 0.538462 0.0649038 0.0528846 
0 0.796875 0.582933 0.0793269 0.122596 
0 0.125 0.544471 0.0288462 0.0697115 
9 0.949519 0.445913 0.0240385 0.0360577 
2 0.699519 0.542067 0.0769231 0.0408654 
2 0.643029 0.530048 0.0504808 0.03125 
0 0.942308 0.546875 0.0240385 0.0649038 
24 0.466346 0.615385 0.0384615 0.0769231 
2 0.65625 0.533654 0.0480769 0.0336538 
0 0.22476 0.546875 0.0216346 0.0600962 
0 0.972356 0.542067 0.0264423 0.0600962 
9 0.341346 0.442308 0.0192308 0.0288462 
9 0.200721 0.483173 0.0216346 0.0240385 
2 0.59375 0.516827 0.0336538 0.0240385 
0 0.293269 0.544471 0.0240385 0.0649038 
2 0.463942 0.50601 0.0336538 0.0408654 
