0 0.483173 0.614183 0.0865385 0.170673 
2 0.425481 0.538462 0.0625 0.0528846 
2 0.0444712 0.576923 0.0889423 0.115385 
0 0.258413 0.536058 0.0216346 0.0673077 
9 0.949519 0.445913 0.0240385 0.0360577 
2 0.697115 0.540865 0.0769231 0.0432692 
0 0.153846 0.546875 0.0288462 0.0649038 
2 0.643029 0.530048 0.0504808 0.03125 
9 0.201923 0.484375 0.0192308 0.0216346 
0 0.942308 0.546875 0.0240385 0.0649038 
2 0.65625 0.533654 0.0480769 0.0336538 
2 0.592548 0.519231 0.0360577 0.0288462 
9 0.342548 0.44351 0.0216346 0.03125 
0 0.225962 0.548077 0.0192308 0.0576923 
2 0.604567 0.522837 0.0360577 0.03125 
