2 0.820913 0.588942 0.319712 0.105769 
2 0.424279 0.538462 0.0600962 0.0528846 
0 0.858173 0.616587 0.0769231 0.170673 
9 0.948317 0.445913 0.0216346 0.0360577 
0 0.153846 0.546875 0.0288462 0.0649038 
0 0.941106 0.548077 0.0264423 0.0625 
2 0.641827 0.530048 0.0480769 0.03125 
9 0.341346 0.456731 0.0240385 0.0528846 
9 0.200721 0.483173 0.0216346 0.0240385 
2 0.59375 0.519231 0.0384615 0.0288462 
2 0.695913 0.536058 0.0697115 0.0336538 
2 0.657452 0.536058 0.0552885 0.0336538 
2 0.454327 0.522837 0.0240385 0.03125 
