2 0.106971 0.580529 0.213942 0.108173 
2 0.425481 0.538462 0.0625 0.0528846 
0 0.30649 0.539663 0.0264423 0.0697115 
2 0.701923 0.540865 0.0721154 0.0432692 
9 0.949519 0.445913 0.0240385 0.0360577 
2 0.644231 0.530048 0.0480769 0.03125 
0 0.942308 0.546875 0.0240385 0.0649038 
0 0.539663 0.538462 0.0216346 0.0480769 
0 0.259615 0.533654 0.0240385 0.0576923 
2 0.65625 0.533654 0.0480769 0.0336538 
9 0.200721 0.481971 0.0216346 0.0216346 
9 0.341346 0.455529 0.0240385 0.0552885 
2 0.59375 0.518029 0.0336538 0.0264423 
2 0.584135 0.514423 0.0288462 0.0240385 
