2 0.370192 0.578125 0.302885 0.117788 
0 0.344952 0.617788 0.0745192 0.163462 
2 0.429087 0.532452 0.0649038 0.0408654 
9 0.948317 0.445913 0.0216346 0.0360577 
2 0.700721 0.542067 0.0793269 0.0408654 
0 0.15625 0.545673 0.0288462 0.0673077 
2 0.641827 0.528846 0.0528846 0.0336538 
0 0.798077 0.539663 0.0240385 0.0697115 
0 0.365385 0.586538 0.177885 0.125 
2 0.65625 0.532452 0.0528846 0.03125 
0 0.941106 0.546875 0.0264423 0.0649038 
9 0.342548 0.442308 0.0216346 0.0288462 
2 0.46274 0.50601 0.0360577 0.0408654 
9 0.201923 0.483173 0.0192308 0.0240385 
9 0.340144 0.454327 0.0264423 0.0528846 
