0 0.40625 0.655048 0.134615 0.233173 
0 0.0769231 0.59976 0.0625 0.165865 
1 0.728365 0.621394 0.139423 0.0889423 
2 0.427885 0.534856 0.0625 0.0456731 
0 0.129808 0.544471 0.0336538 0.0697115 
0 0.728365 0.581731 0.0769231 0.120192 
9 0.948317 0.445913 0.0216346 0.0360577 
0 0.942308 0.546875 0.0240385 0.0649038 
2 0.65625 0.533654 0.0528846 0.0336538 
2 0.635817 0.528846 0.0408654 0.0336538 
9 0.200721 0.483173 0.0216346 0.0240385 
2 0.689904 0.543269 0.0576923 0.0480769 
9 0.340144 0.444712 0.0216346 0.0336538 
