0 0.109375 0.584135 0.0552885 0.139423 
0 0.776442 0.643029 0.0817308 0.213942 
2 0.425481 0.538462 0.0625 0.0528846 
9 0.948317 0.445913 0.0216346 0.0360577 
2 0.644231 0.530048 0.0480769 0.03125 
2 0.704327 0.542067 0.0673077 0.0408654 
2 0.655048 0.534856 0.0456731 0.03125 
0 0.942308 0.545673 0.0288462 0.0673077 
0 0.295673 0.540865 0.0240385 0.0721154 
2 0.59375 0.518029 0.0336538 0.0264423 
9 0.340144 0.455529 0.0264423 0.0552885 
2 0.584135 0.515625 0.0288462 0.0264423 
9 0.200721 0.481971 0.0168269 0.0216346 
2 0.604567 0.522837 0.03125 0.03125 
0 0.216346 0.550481 0.0240385 0.0576923 
