0 0.882212 0.639423 0.0769231 0.201923 
0 0.117788 0.576923 0.0480769 0.134615 
2 0.425481 0.538462 0.0625 0.0528846 
0 0.0841346 0.545673 0.0288462 0.0817308 
0 0.289663 0.544471 0.0264423 0.0697115 
2 0.699519 0.540865 0.0769231 0.0432692 
9 0.949519 0.445913 0.0240385 0.0360577 
0 0.94351 0.545673 0.0264423 0.0673077 
2 0.643029 0.530048 0.0456731 0.03125 
24 0.872596 0.610577 0.0432692 0.0625 
2 0.65625 0.534856 0.0480769 0.03125 
9 0.341346 0.453125 0.0240385 0.0504808 
9 0.201923 0.481971 0.0192308 0.0216346 
2 0.594952 0.518029 0.0360577 0.0264423 
