1 0.420673 0.616587 0.149038 0.09375 
0 0.417067 0.585337 0.0745192 0.122596 
2 0.698317 0.540865 0.0793269 0.0432692 
0 0.0973558 0.674279 0.165865 0.242788 
2 0.427885 0.533654 0.0673077 0.0432692 
9 0.948317 0.445913 0.0216346 0.0360577 
2 0.643029 0.528846 0.0552885 0.0336538 
0 0.94351 0.533654 0.03125 0.0913462 
33 0.0973558 0.620192 0.0697115 0.0721154 
0 0.145433 0.536058 0.03125 0.0913462 
2 0.657452 0.533654 0.0504808 0.0336538 
2 0.584135 0.515625 0.0288462 0.0264423 
0 0.223558 0.53125 0.0240385 0.0865385 
24 0.383413 0.550481 0.0360577 0.0384615 
2 0.592548 0.518029 0.0360577 0.0264423 
2 0.605769 0.520433 0.0336538 0.03125 
0 0.917067 0.530048 0.0264423 0.0889423 
2 0.569712 0.512019 0.0288462 0.0240385 
0 0.800481 0.521635 0.0240385 0.0817308 
