2 0.314904 0.586538 0.336538 0.105769 
2 0.425481 0.53726 0.0625 0.0504808 
0 0.973558 0.627404 0.0480769 0.149038 
2 0.700721 0.540865 0.0745192 0.0432692 
2 0.640625 0.528846 0.0504808 0.0336538 
9 0.949519 0.445913 0.0240385 0.0360577 
0 0.15625 0.524038 0.0336538 0.0721154 
0 0.566106 0.540865 0.0216346 0.0576923 
2 0.655048 0.532452 0.0504808 0.03125 
0 0.94351 0.539663 0.0264423 0.0793269 
9 0.342548 0.455529 0.0216346 0.0552885 
9 0.201923 0.481971 0.0192308 0.0216346 
2 0.592548 0.518029 0.0360577 0.0264423 
2 0.606971 0.522837 0.0360577 0.03125 
