1 0.763221 0.620192 0.141827 0.0865385 
0 0.442308 0.657452 0.0961538 0.228365 
2 0.427885 0.536058 0.0673077 0.0528846 
0 0.765625 0.584135 0.0793269 0.125 
0 0.0793269 0.606971 0.0625 0.141827 
9 0.949519 0.445913 0.0240385 0.0360577 
0 0.128606 0.544471 0.03125 0.0745192 
2 0.643029 0.528846 0.0504808 0.0336538 
2 0.692308 0.540865 0.0721154 0.0384615 
0 0.967548 0.538462 0.0264423 0.0673077 
2 0.594952 0.519231 0.0360577 0.0288462 
0 0.941106 0.543269 0.0264423 0.0769231 
2 0.65625 0.533654 0.0528846 0.0336538 
0 0.294471 0.534856 0.0264423 0.0889423 
2 0.463942 0.507212 0.0336538 0.0384615 
0 0.22476 0.539663 0.0216346 0.0745192 
9 0.200721 0.483173 0.0168269 0.0192308 
9 0.34375 0.442308 0.0192308 0.0240385 
2 0.585337 0.516827 0.03125 0.0240385 
