2 0.46274 0.532452 0.0552885 0.0456731 
2 0.954327 0.710337 0.0913462 0.247596 
2 0.046875 0.747596 0.09375 0.173077 
0 0.241587 0.53726 0.0216346 0.0552885 
9 0.914663 0.450721 0.0168269 0.03125 
0 0.36899 0.528846 0.0168269 0.0480769 
2 0.703125 0.533654 0.0600962 0.0336538 
2 0.670673 0.527644 0.0384615 0.03125 
2 0.498798 0.507212 0.03125 0.0336538 
2 0.0913462 0.543269 0.0961538 0.0432692 
9 0.965144 0.492788 0.0168269 0.0288462 
2 0.492788 0.513221 0.0240385 0.0264423 
2 0.655048 0.524038 0.0360577 0.0288462 
