10 0.403846 0.759615 0.0721154 0.129808 
12 0.169471 0.643029 0.0456731 0.103365 
1 0.766827 0.588942 0.115385 0.0817308 
0 0.444712 0.615385 0.0817308 0.168269 
0 0.628606 0.602163 0.0504808 0.141827 
0 0.385817 0.594952 0.0649038 0.112981 
7 0.711538 0.496394 0.125 0.09375 
0 0.513221 0.606971 0.0552885 0.165865 
26 0.649038 0.634615 0.0288462 0.0384615 
2 0.856971 0.53726 0.112981 0.0504808 
0 0.757212 0.558894 0.0528846 0.0985577 
9 0.677885 0.204327 0.0288462 0.0625 
26 0.481971 0.605769 0.0360577 0.0336538 
