10 0.405048 0.759615 0.0745192 0.129808 
12 0.169471 0.643029 0.0456731 0.103365 
0 0.774038 0.644231 0.110577 0.240385 
0 0.510817 0.606971 0.0552885 0.165865 
0 0.628606 0.609375 0.0456731 0.127404 
0 0.456731 0.588942 0.0673077 0.134615 
26 0.65024 0.634615 0.0264423 0.0384615 
0 0.985577 0.615385 0.0288462 0.134615 
9 0.677885 0.203125 0.0336538 0.0649038 
2 0.405048 0.510817 0.0649038 0.0360577 
33 0.776442 0.59976 0.0673077 0.0697115 
0 0.487981 0.59976 0.0817308 0.151442 
56 0.408654 0.588942 0.0528846 0.0721154 
