1 0.498798 0.617788 0.146635 0.0913462 
0 0.191106 0.668269 0.0889423 0.240385 
2 0.426683 0.538462 0.0649038 0.0528846 
0 0.497596 0.582933 0.0817308 0.137019 
0 0.0817308 0.609375 0.0576923 0.165865 
9 0.949519 0.445913 0.0240385 0.0360577 
0 0.143029 0.542067 0.03125 0.0745192 
2 0.697115 0.539663 0.0817308 0.0408654 
2 0.643029 0.528846 0.0504808 0.0336538 
2 0.594952 0.518029 0.0360577 0.0264423 
2 0.65625 0.533654 0.0528846 0.0336538 
2 0.603365 0.522837 0.0336538 0.03125 
0 0.941106 0.532452 0.03125 0.09375 
9 0.201923 0.481971 0.0144231 0.0216346 
2 0.584135 0.514423 0.0288462 0.0240385 
9 0.342548 0.441106 0.0216346 0.0264423 
