1 0.615385 0.617788 0.149038 0.0913462 
2 0.425481 0.538462 0.0625 0.0528846 
0 0.289663 0.680288 0.0889423 0.206731 
0 0.612981 0.585337 0.0817308 0.122596 
0 0.078125 0.611779 0.0600962 0.165865 
9 0.948317 0.445913 0.0216346 0.0360577 
2 0.697115 0.542067 0.0817308 0.0408654 
0 0.138221 0.543269 0.03125 0.0721154 
24 0.580529 0.551683 0.0456731 0.0408654 
0 0.941106 0.543269 0.0264423 0.0721154 
2 0.65625 0.53125 0.0576923 0.0336538 
9 0.342548 0.441106 0.0168269 0.0264423 
2 0.461538 0.507212 0.0336538 0.0384615 
