2 0.425481 0.538462 0.0625 0.0528846 
2 0.700721 0.542067 0.0793269 0.0408654 
9 0.948317 0.445913 0.0216346 0.0360577 
2 0.644231 0.530048 0.0480769 0.03125 
2 0.991587 0.585337 0.0168269 0.0649038 
1 0.15625 0.615385 0.139423 0.0913462 
0 0.144231 0.604567 0.0769231 0.146635 
2 0.65625 0.533654 0.0528846 0.0336538 
2 0.59375 0.518029 0.0336538 0.0264423 
9 0.893029 0.490385 0.0168269 0.0240385 
9 0.201923 0.483173 0.0192308 0.0192308 
0 0.888221 0.527644 0.0264423 0.0793269 
2 0.586538 0.514423 0.0288462 0.0240385 
0 0.15625 0.615385 0.144231 0.0913462 
1 0.147837 0.609375 0.0841346 0.122596 
2 0.56851 0.509615 0.0264423 0.0192308 
9 0.341346 0.441106 0.0192308 0.0264423 
