2 0.425481 0.538462 0.0625 0.0528846 
0 0.575721 0.622596 0.0889423 0.158654 
9 0.949519 0.445913 0.0240385 0.0360577 
0 0.155048 0.545673 0.0264423 0.0673077 
0 0.188702 0.538462 0.0216346 0.0673077 
2 0.644231 0.528846 0.0528846 0.0336538 
0 0.941106 0.539663 0.0264423 0.0793269 
2 0.697115 0.540865 0.0817308 0.0432692 
2 0.572115 0.509615 0.0384615 0.0240385 
9 0.34375 0.44351 0.0192308 0.0264423 
0 0.252404 0.539663 0.0192308 0.0552885 
0 0.22476 0.543269 0.0168269 0.0625 
2 0.584135 0.512019 0.0384615 0.0240385 
