2 0.426683 0.538462 0.0649038 0.0528846 
0 0.508413 0.627404 0.09375 0.144231 
2 0.700721 0.543269 0.0841346 0.0432692 
9 0.948317 0.445913 0.0216346 0.0360577 
2 0.643029 0.528846 0.0504808 0.0336538 
0 0.155048 0.544471 0.0264423 0.0697115 
25 0.507212 0.563702 0.0576923 0.0552885 
0 0.254808 0.538462 0.0240385 0.0625 
2 0.59375 0.519231 0.0384615 0.0288462 
9 0.342548 0.442308 0.0168269 0.0288462 
2 0.585337 0.516827 0.03125 0.0240385 
0 0.941106 0.538462 0.0264423 0.0817308 
2 0.65625 0.534856 0.0480769 0.0360577 
2 0.604567 0.522837 0.0360577 0.03125 
3 0.00961538 0.581731 0.0192308 0.0528846 
9 0.799279 0.478365 0.0120192 0.0384615 
