1 0.689904 0.61899 0.144231 0.0889423 
2 0.424279 0.53726 0.0697115 0.0552885 
0 0.375 0.673077 0.139423 0.206731 
0 0.682692 0.582933 0.0913462 0.132212 
0 0.0769231 0.600962 0.0576923 0.168269 
9 0.950721 0.445913 0.0216346 0.0360577 
33 0.373798 0.609375 0.0649038 0.0649038 
0 0.133413 0.539663 0.03125 0.0841346 
0 0.942308 0.543269 0.0288462 0.0721154 
2 0.643029 0.528846 0.0504808 0.0336538 
24 0.657452 0.550481 0.0456731 0.0432692 
9 0.698317 0.456731 0.0120192 0.0192308 
0 0.22476 0.545673 0.0216346 0.0625 
2 0.711538 0.542067 0.0576923 0.0408654 
2 0.46274 0.50601 0.03125 0.0360577 
