2 0.425481 0.538462 0.0625 0.0528846 
0 0.722356 0.621394 0.0793269 0.161058 
2 0.637019 0.528846 0.0432692 0.0336538 
9 0.950721 0.445913 0.0216346 0.0360577 
2 0.694712 0.542067 0.0865385 0.0456731 
0 0.155048 0.532452 0.03125 0.09375 
0 0.25 0.521635 0.0288462 0.0865385 
0 0.939904 0.532452 0.0336538 0.09375 
9 0.342548 0.44351 0.0216346 0.03125 
0 0.799279 0.522837 0.0216346 0.0793269 
2 0.463942 0.50601 0.0336538 0.0408654 
2 0.59375 0.518029 0.0336538 0.0264423 
2 0.584135 0.516827 0.0288462 0.0240385 
