5 0.125 0.518029 0.25 0.223558 
2 0.447115 0.534856 0.0576923 0.0504808 
2 0.716346 0.539663 0.0721154 0.0456731 
0 0.953125 0.53125 0.0360577 0.0961538 
9 0.956731 0.44351 0.0192308 0.0360577 
2 0.670673 0.530048 0.0432692 0.0360577 
0 0.299279 0.53125 0.0216346 0.0625 
0 0.606971 0.542067 0.03125 0.0649038 
2 0.655048 0.528846 0.0408654 0.0336538 
0 0.331731 0.528846 0.0144231 0.0480769 
9 0.362981 0.441106 0.0240385 0.03125 
0 0.550481 0.542067 0.0240385 0.0649038 
9 0.605769 0.492788 0.0144231 0.0192308 
9 0.548077 0.49399 0.0144231 0.0168269 
