2 0.225962 0.576923 0.278846 0.110577 
2 0.426683 0.538462 0.0600962 0.0528846 
0 0.377404 0.616587 0.0625 0.161058 
9 0.949519 0.445913 0.0240385 0.0360577 
2 0.703125 0.540865 0.0745192 0.0432692 
2 0.641827 0.528846 0.0480769 0.0336538 
2 0.655048 0.532452 0.0504808 0.03125 
9 0.342548 0.441106 0.0168269 0.0264423 
2 0.59375 0.518029 0.0336538 0.0264423 
0 0.942308 0.534856 0.0288462 0.0889423 
2 0.603365 0.522837 0.0336538 0.03125 
2 0.585337 0.516827 0.03125 0.0240385 
9 0.200721 0.481971 0.0168269 0.0216346 
