2 0.942308 0.591346 0.115385 0.105769 
2 0.425481 0.53726 0.0625 0.0552885 
0 0.799279 0.612981 0.0985577 0.177885 
0 0.155048 0.532452 0.0360577 0.09375 
9 0.949519 0.445913 0.0240385 0.0360577 
2 0.698317 0.540865 0.0793269 0.0432692 
2 0.644231 0.528846 0.0576923 0.0336538 
9 0.634615 0.495192 0.0144231 0.0192308 
0 0.227163 0.542067 0.0264423 0.0649038 
9 0.948317 0.484375 0.0168269 0.0168269 
9 0.342548 0.442308 0.0168269 0.0288462 
2 0.59375 0.519231 0.0384615 0.0288462 
0 0.0216346 0.539663 0.0336538 0.0745192 
