1 0.652644 0.620192 0.141827 0.0913462 
2 0.425481 0.538462 0.0625 0.0528846 
0 0.0769231 0.604567 0.0576923 0.165865 
0 0.65024 0.585337 0.0841346 0.132212 
0 0.336538 0.677885 0.0817308 0.201923 
9 0.950721 0.444712 0.0216346 0.0336538 
2 0.700721 0.539663 0.0745192 0.0408654 
33 0.33774 0.609375 0.0649038 0.0697115 
0 0.941106 0.544471 0.0264423 0.0745192 
2 0.463942 0.507212 0.0336538 0.0384615 
24 0.617788 0.550481 0.0432692 0.0432692 
0 0.137019 0.543269 0.0336538 0.0721154 
0 0.293269 0.540865 0.0240385 0.0721154 
9 0.342548 0.444712 0.0168269 0.0336538 
