5 0.0901442 0.518029 0.180288 0.21875 
2 0.450721 0.536058 0.0552885 0.0480769 
2 0.71875 0.53726 0.0769231 0.0456731 
9 0.963942 0.444712 0.0240385 0.0336538 
2 0.674279 0.528846 0.0456731 0.0336538 
0 0.957933 0.53125 0.0360577 0.0961538 
9 0.234375 0.481971 0.0168269 0.0216346 
0 0.338942 0.530048 0.0144231 0.0456731 
9 0.371394 0.442308 0.0216346 0.0288462 
0 0.544471 0.538462 0.0216346 0.0528846 
9 0.302885 0.484375 0.0144231 0.0264423 
2 0.65625 0.524038 0.0432692 0.0288462 
2 0.486779 0.507212 0.03125 0.0336538 
