1 0.30649 0.61899 0.146635 0.0889423 
2 0.425481 0.538462 0.0625 0.0528846 
0 0.104567 0.616587 0.0745192 0.15625 
0 0.304087 0.586538 0.0841346 0.129808 
2 0.699519 0.542067 0.0769231 0.0408654 
9 0.948317 0.445913 0.0216346 0.0360577 
24 0.269231 0.551683 0.0432692 0.0360577 
0 0.147837 0.544471 0.0264423 0.0697115 
2 0.65625 0.533654 0.0528846 0.0336538 
9 0.200721 0.483173 0.0168269 0.0192308 
2 0.635817 0.528846 0.0408654 0.0336538 
9 0.342548 0.451923 0.0216346 0.0480769 
2 0.594952 0.519231 0.0360577 0.0288462 
2 0.604567 0.522837 0.0360577 0.03125 
0 0.941106 0.539663 0.0264423 0.0793269 
2 0.585337 0.516827 0.03125 0.0240385 
