2 0.425481 0.538462 0.0625 0.0528846 
1 0.204327 0.617788 0.115385 0.0865385 
2 0.698317 0.540865 0.0841346 0.0432692 
0 0.13101 0.614183 0.0504808 0.161058 
0 0.893029 0.532452 0.03125 0.0793269 
0 0.186298 0.580529 0.0745192 0.127404 
9 0.948317 0.445913 0.0216346 0.0360577 
2 0.645433 0.530048 0.0504808 0.03125 
0 0.941106 0.543269 0.0264423 0.0721154 
2 0.594952 0.519231 0.0360577 0.0288462 
9 0.342548 0.442308 0.0168269 0.0288462 
9 0.200721 0.481971 0.0168269 0.0216346 
2 0.633413 0.526442 0.0408654 0.0336538 
2 0.585337 0.514423 0.03125 0.0240385 
2 0.56851 0.509615 0.0264423 0.0192308 
