2 0.424279 0.538462 0.0600962 0.0528846 
2 0.915865 0.591346 0.168269 0.100962 
0 0.80649 0.61899 0.0889423 0.165865 
9 0.949519 0.447115 0.0240385 0.0384615 
2 0.699519 0.540865 0.0769231 0.0432692 
0 0.155048 0.53125 0.03125 0.100962 
0 0.627404 0.543269 0.0288462 0.0625 
2 0.653846 0.53125 0.0528846 0.0336538 
9 0.341346 0.448317 0.0192308 0.0408654 
9 0.948317 0.484375 0.0168269 0.0216346 
0 0.240385 0.539663 0.0336538 0.0697115 
2 0.604567 0.522837 0.0408654 0.03125 
2 0.59375 0.519231 0.0384615 0.0288462 
2 0.830529 0.555288 0.108173 0.0576923 
