2 0.426683 0.538462 0.0649038 0.0528846 
0 0.122596 0.575721 0.0480769 0.137019 
0 0.945913 0.644231 0.0793269 0.1875 
0 0.0733173 0.543269 0.0360577 0.0961538 
2 0.701923 0.542067 0.0721154 0.0408654 
9 0.949519 0.445913 0.0240385 0.0360577 
2 0.643029 0.530048 0.0504808 0.03125 
0 0.286058 0.533654 0.0336538 0.0913462 
2 0.65625 0.533654 0.0480769 0.0336538 
0 0.203125 0.546875 0.0216346 0.0649038 
2 0.59375 0.519231 0.0336538 0.0288462 
0 0.891827 0.526442 0.0144231 0.0384615 
2 0.585337 0.516827 0.03125 0.0240385 
