2 0.730769 0.538462 0.0769231 0.0432692 
2 0.46875 0.536058 0.0625 0.0528846 
5 0.0228365 0.518029 0.0456731 0.199519 
0 0.975962 0.534856 0.0240385 0.0793269 
0 0.298077 0.532452 0.0192308 0.0504808 
0 0.213942 0.539663 0.0240385 0.0697115 
0 0.53726 0.540865 0.0216346 0.0625 
2 0.6875 0.528846 0.0432692 0.0336538 
9 0.971154 0.444712 0.0240385 0.0384615 
0 0.957933 0.53125 0.0264423 0.0913462 
0 0.658654 0.539663 0.0336538 0.0600962 
0 0.353365 0.527644 0.0144231 0.0456731 
9 0.140625 0.485577 0.0168269 0.0240385 
0 0.0877404 0.548077 0.0264423 0.0432692 
0 0.325721 0.526442 0.0168269 0.0480769 
