2 0.0817308 0.572115 0.163462 0.115385 
2 0.424279 0.53726 0.0600962 0.0504808 
0 0.453125 0.622596 0.0552885 0.153846 
9 0.949519 0.445913 0.0240385 0.0360577 
2 0.643029 0.530048 0.0504808 0.03125 
2 0.695913 0.539663 0.0793269 0.0408654 
0 0.259615 0.540865 0.0192308 0.0576923 
2 0.592548 0.519231 0.0360577 0.0288462 
2 0.585337 0.516827 0.03125 0.0240385 
9 0.342548 0.442308 0.0168269 0.0288462 
2 0.657452 0.533654 0.0504808 0.0336538 
0 0.941106 0.540865 0.0264423 0.0769231 
2 0.604567 0.522837 0.0360577 0.03125 
