2 0.908654 0.585337 0.182692 0.108173 
2 0.425481 0.538462 0.0625 0.0528846 
1 0.0384615 0.612981 0.0769231 0.0865385 
0 0.180288 0.63101 0.0480769 0.127404 
2 0.699519 0.540865 0.0817308 0.0432692 
9 0.949519 0.447115 0.0240385 0.0384615 
0 0.292067 0.533654 0.03125 0.0913462 
2 0.653846 0.532452 0.0528846 0.03125 
0 0.0192308 0.573317 0.0384615 0.141827 
2 0.634615 0.527644 0.0432692 0.03125 
9 0.948317 0.483173 0.0168269 0.0240385 
9 0.341346 0.442308 0.0192308 0.0288462 
2 0.594952 0.516827 0.0360577 0.0240385 
