2 0.102163 0.573317 0.204327 0.108173 
0 0.438702 0.614183 0.0793269 0.165865 
2 0.424279 0.539663 0.0600962 0.0552885 
9 0.949519 0.445913 0.0240385 0.0360577 
0 0.260817 0.539663 0.0216346 0.0649038 
2 0.645433 0.528846 0.0504808 0.0336538 
2 0.697115 0.540865 0.0817308 0.0432692 
0 0.941106 0.532452 0.03125 0.09375 
9 0.342548 0.44351 0.0168269 0.0264423 
2 0.592548 0.518029 0.0360577 0.0264423 
0 0.22476 0.534856 0.0216346 0.0793269 
0 0.758413 0.53125 0.0264423 0.0817308 
2 0.603365 0.522837 0.0336538 0.03125 
