1 0.901442 0.620192 0.129808 0.0865385 
2 0.425481 0.538462 0.0625 0.0528846 
0 0.0913462 0.592548 0.0528846 0.15625 
0 0.902644 0.585337 0.0745192 0.117788 
2 0.700721 0.542067 0.0745192 0.0408654 
0 0.576923 0.657452 0.0721154 0.213942 
9 0.949519 0.444712 0.0240385 0.0384615 
2 0.65625 0.533654 0.0528846 0.0336538 
2 0.634615 0.527644 0.0432692 0.03125 
24 0.877404 0.560096 0.0384615 0.0480769 
0 0.222356 0.546875 0.0216346 0.0600962 
0 0.11899 0.550481 0.0264423 0.0865385 
33 0.579327 0.602163 0.0673077 0.0600962 
9 0.200721 0.481971 0.0168269 0.0216346 
