2 0.0637019 0.573317 0.127404 0.112981 
2 0.423077 0.538462 0.0576923 0.0528846 
0 0.471154 0.606971 0.0576923 0.185096 
9 0.949519 0.445913 0.0240385 0.0360577 
0 0.155048 0.543269 0.0264423 0.0721154 
0 0.258413 0.539663 0.0216346 0.0600962 
2 0.697115 0.540865 0.0817308 0.0432692 
2 0.645433 0.530048 0.0504808 0.03125 
0 0.942308 0.536058 0.0288462 0.0865385 
0 0.225962 0.543269 0.0192308 0.0625 
2 0.594952 0.519231 0.0360577 0.0288462 
2 0.585337 0.516827 0.03125 0.0240385 
9 0.748798 0.496394 0.0168269 0.0216346 
