10 0.403846 0.759615 0.0721154 0.129808 
2 0.63101 0.544471 0.209135 0.0889423 
0 0.629808 0.605769 0.0480769 0.134615 
0 0.516827 0.59976 0.0625 0.180288 
0 0.03125 0.546875 0.0384615 0.112981 
33 0.189904 0.615385 0.0865385 0.0769231 
2 0.417067 0.513221 0.0985577 0.0408654 
56 0.408654 0.592548 0.0576923 0.0793269 
26 0.651442 0.634615 0.0240385 0.0384615 
7 0.713942 0.497596 0.125 0.0961538 
9 0.677885 0.203125 0.0288462 0.0600962 
2 0.0288462 0.512019 0.0528846 0.0673077 
56 0.272837 0.561298 0.0552885 0.0697115 
