1 0.832933 0.622596 0.132212 0.0865385 
0 0.515625 0.645433 0.122596 0.237981 
2 0.425481 0.538462 0.0625 0.0528846 
0 0.0841346 0.59976 0.0528846 0.161058 
0 0.832933 0.588942 0.0793269 0.129808 
9 0.949519 0.445913 0.0240385 0.0360577 
2 0.699519 0.542067 0.0817308 0.0408654 
0 0.123798 0.543269 0.03125 0.0673077 
2 0.643029 0.530048 0.0504808 0.03125 
0 0.834135 0.621394 0.129808 0.0889423 
33 0.515625 0.604567 0.0697115 0.0697115 
2 0.65625 0.534856 0.0480769 0.03125 
2 0.592548 0.518029 0.0360577 0.0264423 
2 0.585337 0.514423 0.03125 0.0240385 
2 0.604567 0.521635 0.0360577 0.0288462 
9 0.341346 0.442308 0.0192308 0.0240385 
