2 0.425481 0.538462 0.0625 0.0528846 
1 0.953125 0.620192 0.09375 0.0865385 
0 0.0985577 0.591346 0.0528846 0.149038 
0 0.640625 0.658654 0.127404 0.206731 
0 0.961538 0.581731 0.0769231 0.115385 
9 0.949519 0.445913 0.0240385 0.0360577 
0 0.219952 0.549279 0.0216346 0.0600962 
2 0.694712 0.540865 0.0913462 0.0432692 
33 0.640625 0.598558 0.0649038 0.0673077 
2 0.643029 0.527644 0.0600962 0.03125 
9 0.326923 0.483173 0.0144231 0.0288462 
9 0.947115 0.484375 0.0192308 0.0216346 
9 0.201923 0.481971 0.0192308 0.0216346 
9 0.342548 0.441106 0.0216346 0.0264423 
2 0.59375 0.518029 0.0384615 0.0264423 
