2 0.425481 0.538462 0.0625 0.0528846 
0 0.115385 0.585337 0.0480769 0.127404 
2 0.699519 0.540865 0.0817308 0.0432692 
0 0.855769 0.659856 0.100962 0.15625 
9 0.949519 0.445913 0.0240385 0.0360577 
33 0.856971 0.588942 0.0600962 0.0576923 
2 0.645433 0.528846 0.0552885 0.0336538 
0 0.0865385 0.540865 0.0240385 0.0961538 
0 0.942308 0.532452 0.0288462 0.09375 
2 0.594952 0.518029 0.0360577 0.0264423 
2 0.585337 0.515625 0.03125 0.0264423 
2 0.463942 0.50601 0.0336538 0.0408654 
9 0.201923 0.484375 0.0192308 0.0216346 
