1 0.383413 0.61899 0.151442 0.09375 
2 0.425481 0.539663 0.0625 0.0504808 
0 0.0612981 0.682692 0.122596 0.235577 
0 0.146635 0.544471 0.0288462 0.0697115 
0 0.378606 0.580529 0.0793269 0.122596 
9 0.948317 0.445913 0.0216346 0.0360577 
0 0.941106 0.540865 0.03125 0.0769231 
2 0.641827 0.530048 0.0528846 0.0360577 
2 0.698317 0.540865 0.0793269 0.0432692 
0 0.915865 0.539663 0.0240385 0.0649038 
24 0.344952 0.543269 0.0456731 0.0528846 
2 0.65625 0.533654 0.0528846 0.0336538 
2 0.594952 0.518029 0.0360577 0.0264423 
33 0.0588942 0.627404 0.0649038 0.0625 
2 0.584135 0.515625 0.0288462 0.0264423 
2 0.603365 0.522837 0.0288462 0.03125 
0 0.0973558 0.610577 0.0456731 0.153846 
0 0.22476 0.543269 0.0216346 0.0625 
2 0.463942 0.50601 0.0336538 0.0408654 
9 0.201923 0.483173 0.0192308 0.0240385 
