2 0.0576923 0.584135 0.115385 0.100962 
2 0.425481 0.538462 0.0625 0.0528846 
0 0.942308 0.533654 0.0288462 0.0913462 
9 0.948317 0.445913 0.0216346 0.0360577 
0 0.260817 0.534856 0.0216346 0.0552885 
2 0.699519 0.542067 0.0769231 0.0408654 
2 0.657452 0.533654 0.0552885 0.0336538 
2 0.643029 0.528846 0.0504808 0.0336538 
0 0.153846 0.544471 0.0288462 0.0745192 
2 0.594952 0.518029 0.0360577 0.0264423 
0 0.225962 0.533654 0.0240385 0.0817308 
2 0.585337 0.515625 0.03125 0.0216346 
9 0.342548 0.445913 0.0216346 0.0360577 
0 0.316106 0.543269 0.03125 0.0673077 
