1 0.798077 0.620192 0.134615 0.0865385 
0 0.485577 0.65024 0.0961538 0.237981 
2 0.426683 0.538462 0.0649038 0.0528846 
0 0.0805288 0.59976 0.0600962 0.151442 
0 0.798077 0.582933 0.0817308 0.122596 
0 0.125 0.542067 0.0288462 0.0697115 
9 0.949519 0.445913 0.0240385 0.0360577 
2 0.698317 0.542067 0.0745192 0.0408654 
2 0.643029 0.530048 0.0504808 0.03125 
0 0.942308 0.544471 0.0240385 0.0697115 
0 0.22476 0.539663 0.0216346 0.0745192 
9 0.341346 0.441106 0.0192308 0.0264423 
2 0.65625 0.533654 0.0480769 0.0336538 
9 0.296875 0.49399 0.0168269 0.0216346 
0 0.971154 0.536058 0.0288462 0.0721154 
2 0.59375 0.516827 0.0336538 0.0240385 
