2 0.425481 0.53726 0.0625 0.0552885 
2 0.0444712 0.576923 0.0889423 0.115385 
0 0.258413 0.53726 0.0216346 0.0649038 
9 0.949519 0.445913 0.0240385 0.0360577 
0 0.487981 0.61899 0.0769231 0.161058 
2 0.695913 0.540865 0.0745192 0.0432692 
2 0.643029 0.528846 0.0504808 0.0336538 
0 0.155048 0.542067 0.0264423 0.0745192 
2 0.657452 0.533654 0.0504808 0.0336538 
9 0.34375 0.442308 0.0192308 0.0288462 
2 0.592548 0.519231 0.0360577 0.0288462 
0 0.22476 0.540865 0.0216346 0.0721154 
2 0.605769 0.522837 0.0384615 0.03125 
