2 0.0817308 0.580529 0.163462 0.108173 
2 0.425481 0.538462 0.0625 0.0528846 
0 0.311298 0.542067 0.03125 0.0697115 
9 0.949519 0.445913 0.0240385 0.0360577 
2 0.703125 0.542067 0.0697115 0.0408654 
2 0.645433 0.530048 0.0504808 0.03125 
0 0.260817 0.533654 0.0216346 0.0576923 
0 0.153846 0.532452 0.0336538 0.09375 
2 0.594952 0.518029 0.0360577 0.0264423 
0 0.941106 0.538462 0.0264423 0.0817308 
2 0.585337 0.516827 0.03125 0.0240385 
9 0.342548 0.442308 0.0216346 0.0288462 
0 0.223558 0.540865 0.0192308 0.0673077 
9 0.533654 0.492788 0.0144231 0.0144231 
