2 0.106971 0.580529 0.213942 0.108173 
2 0.425481 0.538462 0.0625 0.0528846 
0 0.30649 0.540865 0.0264423 0.0673077 
2 0.701923 0.540865 0.0769231 0.0432692 
9 0.949519 0.447115 0.0240385 0.0384615 
2 0.644231 0.528846 0.0480769 0.0336538 
0 0.258413 0.533654 0.0216346 0.0576923 
0 0.539663 0.538462 0.0216346 0.0480769 
2 0.65625 0.533654 0.0480769 0.0336538 
9 0.200721 0.483173 0.0168269 0.0192308 
0 0.941106 0.540865 0.0264423 0.0769231 
2 0.59375 0.516827 0.0336538 0.0240385 
9 0.342548 0.441106 0.0216346 0.0264423 
0 0.22476 0.533654 0.0216346 0.0865385 
2 0.584135 0.515625 0.0288462 0.0216346 
