2 0.885817 0.585337 0.228365 0.108173 
2 0.425481 0.538462 0.0625 0.0528846 
0 0.188702 0.61899 0.0504808 0.151442 
2 0.700721 0.540865 0.0793269 0.0432692 
9 0.950721 0.447115 0.0216346 0.0384615 
2 0.645433 0.53125 0.0504808 0.0336538 
1 0.0204327 0.606971 0.0408654 0.0985577 
0 0.290865 0.544471 0.0288462 0.0649038 
9 0.948317 0.483173 0.0168269 0.0240385 
0 0.153846 0.530048 0.0336538 0.0985577 
9 0.341346 0.444712 0.0192308 0.0336538 
2 0.633413 0.526442 0.0408654 0.0336538 
0 0.0204327 0.546875 0.0360577 0.0600962 
2 0.454327 0.521635 0.0288462 0.0288462 
