2 0.425481 0.538462 0.0625 0.0528846 
0 0.526442 0.614183 0.0576923 0.165865 
9 0.948317 0.445913 0.0216346 0.0360577 
2 0.697115 0.540865 0.0817308 0.0432692 
0 0.153846 0.545673 0.0288462 0.0673077 
2 0.65625 0.533654 0.0576923 0.0336538 
9 0.342548 0.442308 0.0168269 0.0288462 
2 0.592548 0.518029 0.0360577 0.0264423 
2 0.634615 0.527644 0.0432692 0.03125 
0 0.942308 0.532452 0.0288462 0.09375 
0 0.253606 0.538462 0.0216346 0.0625 
2 0.603365 0.521635 0.0336538 0.0288462 
2 0.455529 0.521635 0.0264423 0.0288462 
