2 0.36899 0.578125 0.305288 0.112981 
2 0.429087 0.53125 0.0649038 0.0432692 
0 0.344952 0.611779 0.0793269 0.161058 
9 0.948317 0.445913 0.0216346 0.0360577 
2 0.700721 0.540865 0.0793269 0.0432692 
2 0.641827 0.528846 0.0528846 0.0336538 
0 0.365385 0.585337 0.163462 0.127404 
2 0.65625 0.532452 0.0528846 0.03125 
0 0.15625 0.545673 0.0288462 0.0673077 
0 0.798077 0.542067 0.0240385 0.0649038 
9 0.342548 0.44351 0.0216346 0.03125 
2 0.46274 0.50601 0.0360577 0.0408654 
9 0.200721 0.484375 0.0168269 0.0216346 
0 0.941106 0.540865 0.0264423 0.0769231 
