1 0.728365 0.621394 0.139423 0.0889423 
2 0.427885 0.534856 0.0625 0.0456731 
0 0.40625 0.670673 0.134615 0.201923 
0 0.0769231 0.610577 0.0576923 0.144231 
0 0.728365 0.581731 0.0769231 0.120192 
0 0.129808 0.543269 0.0336538 0.0721154 
33 0.40625 0.608173 0.0721154 0.0673077 
9 0.948317 0.445913 0.0216346 0.0360577 
2 0.65625 0.533654 0.0528846 0.0336538 
0 0.941106 0.545673 0.0264423 0.0721154 
2 0.635817 0.528846 0.0408654 0.0336538 
9 0.200721 0.483173 0.0168269 0.0240385 
9 0.341346 0.448317 0.0192308 0.0408654 
2 0.689904 0.544471 0.0576923 0.0456731 
