2 0.425481 0.538462 0.0625 0.0528846 
0 0.109375 0.58774 0.0552885 0.132212 
0 0.77524 0.645433 0.0793269 0.209135 
9 0.948317 0.445913 0.0216346 0.0360577 
2 0.644231 0.530048 0.0480769 0.03125 
2 0.700721 0.542067 0.0745192 0.0408654 
9 0.879808 0.483173 0.0144231 0.0240385 
2 0.65625 0.534856 0.0480769 0.03125 
0 0.942308 0.544471 0.0288462 0.0697115 
2 0.59375 0.518029 0.0336538 0.0264423 
2 0.584135 0.515625 0.0288462 0.0264423 
0 0.295673 0.544471 0.0240385 0.0649038 
2 0.604567 0.522837 0.03125 0.03125 
