1 0.461538 0.617788 0.149038 0.0961538 
0 0.132212 0.670673 0.134615 0.245192 
0 0.0841346 0.623798 0.0576923 0.137019 
0 0.456731 0.582933 0.0769231 0.137019 
9 0.949519 0.445913 0.0240385 0.0360577 
2 0.698317 0.540865 0.0793269 0.0432692 
2 0.426683 0.533654 0.0649038 0.0432692 
2 0.65625 0.533654 0.0528846 0.0336538 
2 0.634615 0.527644 0.0432692 0.03125 
2 0.594952 0.518029 0.0360577 0.0264423 
0 0.942308 0.533654 0.0288462 0.0961538 
2 0.585337 0.515625 0.03125 0.0264423 
33 0.135817 0.621394 0.0697115 0.0649038 
0 0.800481 0.521635 0.0240385 0.0817308 
24 0.425481 0.551683 0.0432692 0.0408654 
2 0.569712 0.512019 0.0288462 0.0240385 
