2 0.425481 0.538462 0.0625 0.0528846 
2 0.971154 0.585337 0.0576923 0.103365 
1 0.11899 0.61899 0.146635 0.0793269 
0 0.104567 0.582933 0.0600962 0.137019 
2 0.698317 0.540865 0.0793269 0.0432692 
9 0.948317 0.445913 0.0216346 0.0360577 
2 0.65625 0.533654 0.0528846 0.0336538 
0 0.129808 0.598558 0.110577 0.168269 
0 0.941106 0.544471 0.0264423 0.0697115 
2 0.634615 0.528846 0.0432692 0.0336538 
2 0.594952 0.518029 0.0360577 0.0264423 
24 0.0769231 0.546875 0.0432692 0.0360577 
9 0.341346 0.445913 0.0192308 0.0360577 
2 0.454327 0.526442 0.0240385 0.0336538 
0 0.293269 0.534856 0.0240385 0.0889423 
2 0.585337 0.515625 0.03125 0.0264423 
9 0.200721 0.481971 0.0168269 0.0216346 
1 0.125 0.603365 0.129808 0.173077 
