2 0.165865 0.584135 0.331731 0.105769 
2 0.424279 0.538462 0.0600962 0.0528846 
2 0.698317 0.539663 0.0793269 0.0408654 
9 0.949519 0.445913 0.0240385 0.0360577 
2 0.641827 0.528846 0.0528846 0.0336538 
0 0.941106 0.540865 0.0264423 0.0769231 
9 0.200721 0.483173 0.0168269 0.0192308 
9 0.342548 0.451923 0.0216346 0.0480769 
0 0.548077 0.542067 0.0240385 0.0600962 
9 0.550481 0.492788 0.0144231 0.0192308 
0 0.258413 0.533654 0.0216346 0.0576923 
2 0.657452 0.533654 0.0456731 0.0336538 
0 0.300481 0.532452 0.0240385 0.0745192 
