0 0.882212 0.638221 0.0721154 0.204327 
2 0.425481 0.538462 0.0625 0.0528846 
0 0.116587 0.580529 0.0456731 0.127404 
0 0.290865 0.539663 0.0288462 0.0793269 
2 0.699519 0.540865 0.0769231 0.0432692 
9 0.948317 0.445913 0.0216346 0.0360577 
0 0.0865385 0.538462 0.0288462 0.0961538 
2 0.641827 0.530048 0.0480769 0.03125 
0 0.942308 0.544471 0.0288462 0.0745192 
2 0.65625 0.533654 0.0480769 0.0336538 
0 0.205529 0.52524 0.0264423 0.108173 
2 0.594952 0.518029 0.0360577 0.0264423 
2 0.584135 0.515625 0.0288462 0.0216346 
2 0.604567 0.522837 0.03125 0.03125 
