2 0.859375 0.560096 0.28125 0.110577 
10 0.405048 0.759615 0.0745192 0.129808 
12 0.168269 0.641827 0.0432692 0.100962 
0 0.514423 0.604567 0.0576923 0.170673 
0 0.628606 0.594952 0.0552885 0.15625 
0 0.0949519 0.5625 0.0408654 0.115385 
26 0.649038 0.634615 0.0288462 0.0384615 
33 0.0396635 0.610577 0.0793269 0.0721154 
0 0.25601 0.56851 0.0504808 0.122596 
9 0.679087 0.204327 0.03125 0.0625 
2 0.420673 0.514423 0.0913462 0.0432692 
7 0.71274 0.486779 0.122596 0.0745192 
56 0.407452 0.591346 0.0552885 0.0769231 
