9 0.288462 0.481971 0.0192308 0.0168269
2 0.0817308 0.552885 0.0865385 0.0336538
9 0.723558 0.489183 0.0144231 0.0168269
9 0.317308 0.481971 0.00961538 0.0168269
2 0.622596 0.508413 0.0240385 0.0168269
9 0.985577 0.490385 0.0192308 0.0192308
9 0.38101 0.478365 0.0120192 0.00961538
9 0.984375 0.445913 0.03125 0.0408654
9 0.413462 0.444712 0.0192308 0.0240385
2 0.751202 0.536058 0.0649038 0.0384615
2 0.698317 0.526442 0.0408654 0.0336538
0 0.25 0.536058 0.0288462 0.0673077
2 0.487981 0.534856 0.0576923 0.0504808
