9 0.341346 0.442308 0.0192308 0.0288462
0 0.0240385 0.555288 0.0240385 0.0432692
2 0.461538 0.495192 0.0288462 0.0192308
2 0.627404 0.526442 0.0528846 0.0336538
0 0.22476 0.538462 0.0216346 0.0817308
9 0.198317 0.481971 0.0168269 0.0216346
0 0.920673 0.528846 0.0288462 0.0913462
2 0.603365 0.520433 0.0288462 0.03125
0 0.413462 0.584135 0.0817308 0.134615
9 0.379808 0.473558 0.00961538 0.0144231
2 0.664663 0.532452 0.0504808 0.03125
2 0.59375 0.518029 0.0336538 0.0264423
2 0.581731 0.514423 0.0288462 0.0240385
2 0.704327 0.540865 0.0625 0.0384615
0 0.144231 0.534856 0.0336538 0.09375
2 0.566106 0.513221 0.0264423 0.0216346
77 0.0985577 0.61899 0.0721154 0.0697115
2 0.643029 0.530048 0.0552885 0.0360577
2 0.429087 0.536058 0.0649038 0.0480769
0 0.94351 0.53125 0.03125 0.100962
9 0.949519 0.445913 0.0240385 0.0360577
0 0.0961538 0.688702 0.163462 0.21875
1 0.423077 0.615385 0.153846 0.100962
