2 0.627404 0.526442 0.0480769 0.0336538
2 0.46274 0.495192 0.0264423 0.0192308
2 0.592548 0.519231 0.0360577 0.0288462
9 0.566106 0.491587 0.0168269 0.0168269
2 0.663462 0.532452 0.0480769 0.03125
0 0.0949519 0.519231 0.0264423 0.0769231
9 0.341346 0.442308 0.0192308 0.0288462
0 0.567308 0.534856 0.0240385 0.0697115
2 0.699519 0.539663 0.0673077 0.0408654
2 0.644231 0.53125 0.0480769 0.0384615
9 0.949519 0.444712 0.0240385 0.0336538
0 0.973558 0.621394 0.0528846 0.161058
2 0.426683 0.53726 0.0649038 0.0504808
2 0.313702 0.585337 0.334135 0.103365
