2 0.549279 0.507212 0.0216346 0.0144231
9 0.388221 0.467548 0.0120192 0.0120192
2 0.603365 0.518029 0.0288462 0.0264423
2 0.674279 0.536058 0.0841346 0.0384615
2 0.581731 0.512019 0.0288462 0.0192308
9 0.796875 0.487981 0.0120192 0.0144231
2 0.55649 0.509615 0.03125 0.0144231
2 0.461538 0.495192 0.0288462 0.0192308
2 0.664663 0.532452 0.0504808 0.03125
2 0.567308 0.510817 0.0240385 0.0168269
2 0.59375 0.514423 0.0336538 0.0240385
9 0.340144 0.450721 0.0216346 0.0456731
2 0.703125 0.540865 0.0649038 0.0384615
0 0.0324519 0.574519 0.0649038 0.125
2 0.641827 0.53125 0.0432692 0.0384615
9 0.949519 0.445913 0.0240385 0.0408654
0 0.225962 0.534856 0.0240385 0.0841346
9 0.947115 0.481971 0.0144231 0.0216346
2 0.426683 0.539663 0.0600962 0.0552885
1 0.0576923 0.612981 0.115385 0.0913462
0 0.168269 0.614183 0.0673077 0.161058
2 0.929087 0.586538 0.137019 0.105769
