9 0.969952 0.491587 0.0168269 0.0216346
2 0.558894 0.509615 0.0264423 0.0144231
0 0.759615 0.588942 0.0913462 0.129808
2 0.689904 0.540865 0.0721154 0.0384615
2 0.567308 0.512019 0.0288462 0.0192308
2 0.603365 0.520433 0.0288462 0.03125
9 0.340144 0.44351 0.0168269 0.0264423
2 0.461538 0.496394 0.0288462 0.0216346
2 0.665865 0.53125 0.0528846 0.0288462
2 0.584135 0.514423 0.0288462 0.0240385
2 0.592548 0.518029 0.0360577 0.0264423
0 0.223558 0.538462 0.0240385 0.0769231
2 0.641827 0.528846 0.0528846 0.0336538
9 0.949519 0.445913 0.0240385 0.0360577
0 0.942308 0.539663 0.0288462 0.0841346
0 0.129808 0.545673 0.0336538 0.0721154
2 0.426683 0.536058 0.0649038 0.0480769
0 0.438702 0.674279 0.0841346 0.194712
0 0.0769231 0.603365 0.0576923 0.153846
1 0.764423 0.61899 0.139423 0.0889423
