2 0.580529 0.509615 0.0264423 0.0144231
9 0.286058 0.479567 0.0144231 0.0168269
9 0.316106 0.475962 0.0168269 0.0144231
2 0.570913 0.509615 0.0216346 0.0144231
2 0.590144 0.509615 0.0264423 0.0144231
9 0.225962 0.486779 0.0144231 0.0168269
9 0.192308 0.483173 0.0144231 0.0192308
9 0.884615 0.449519 0.0192308 0.0240385
2 0.40625 0.53726 0.0336538 0.03125
0 0.893029 0.533654 0.0216346 0.0625
2 0.479567 0.5 0.0264423 0.0240385
9 0.375 0.453125 0.0192308 0.0216346
0 0.549279 0.532452 0.0264423 0.0600962
0 0.223558 0.534856 0.0240385 0.0649038
2 0.640625 0.52524 0.0408654 0.03125
2 0.682692 0.536058 0.0625 0.0384615
2 0.445913 0.532452 0.0504808 0.0456731
2 0.0564904 0.748798 0.112981 0.165865
2 0.921875 0.707933 0.15625 0.233173
