9 0.548077 0.485577 0.0144231 0.0144231
2 0.677885 0.530048 0.0384615 0.03125
9 0.394231 0.450721 0.0192308 0.0216346
0 0.914663 0.52524 0.0264423 0.0841346
2 0.497596 0.503606 0.0288462 0.03125
2 0.0913462 0.542067 0.0913462 0.0456731
0 0.36899 0.530048 0.0168269 0.0456731
9 0.415865 0.490385 0.0144231 0.0144231
2 0.665865 0.527644 0.0384615 0.03125
0 0.00841346 0.584135 0.0168269 0.0913462
9 0.914663 0.450721 0.0168269 0.03125
2 0.706731 0.534856 0.0576923 0.0360577
0 0.240385 0.532452 0.0240385 0.0649038
2 0.461538 0.533654 0.0576923 0.0432692
2 0.953125 0.737981 0.09375 0.182692
2 0.0480769 0.764423 0.0961538 0.129808
