2 0.605769 0.520433 0.0336538 0.0264423
2 0.504808 0.504808 0.0288462 0.0192308
0 0.0204327 0.551683 0.0360577 0.0552885
0 0.923077 0.530048 0.0288462 0.09375
2 0.591346 0.516827 0.0336538 0.0240385
2 0.582933 0.514423 0.0264423 0.0240385
9 0.341346 0.442308 0.0144231 0.0240385
2 0.460337 0.495192 0.0264423 0.0192308
2 0.566106 0.510817 0.0216346 0.0168269
0 0.222356 0.53125 0.03125 0.0913462
9 0.949519 0.444712 0.0240385 0.0336538
0 0.248798 0.521635 0.03125 0.0913462
0 0.942308 0.530048 0.0336538 0.0985577
0 0.155048 0.536058 0.03125 0.0913462
2 0.426683 0.539663 0.0649038 0.0552885
0 0.730769 0.621394 0.0865385 0.161058
