0 0.227163 0.545673 0.0216346 0.0625
2 0.584135 0.513221 0.0336538 0.0216346
2 0.463942 0.498798 0.0288462 0.0216346
0 0.252404 0.526442 0.0240385 0.0865385
9 0.341346 0.442308 0.0192308 0.0240385
9 0.947115 0.49399 0.0144231 0.0216346
2 0.664663 0.530048 0.0504808 0.0264423
0 0.941106 0.543269 0.0264423 0.0769231
9 0.328125 0.478365 0.0120192 0.0288462
9 0.972356 0.496394 0.0120192 0.0216346
2 0.643029 0.527644 0.0552885 0.0360577
0 0.153846 0.540865 0.0288462 0.0817308
9 0.949519 0.444712 0.0240385 0.0336538
2 0.426683 0.538462 0.0649038 0.0528846
0 0.585337 0.621394 0.0889423 0.15625
