0 0.0204327 0.551683 0.0360577 0.0552885
9 0.308894 0.472356 0.0120192 0.0168269
9 0.200721 0.481971 0.0168269 0.0264423
9 0.260817 0.481971 0.0168269 0.0216346
9 0.513221 0.492788 0.0120192 0.0144231
2 0.603365 0.521635 0.0288462 0.0288462
2 0.567308 0.510817 0.0240385 0.0168269
2 0.461538 0.495192 0.0288462 0.0192308
0 0.330529 0.538462 0.0264423 0.0817308
0 0.225962 0.53726 0.0240385 0.0841346
9 0.329327 0.492788 0.0144231 0.0144231
2 0.59375 0.518029 0.0336538 0.0264423
2 0.637019 0.527644 0.0432692 0.0360577
2 0.582933 0.514423 0.0264423 0.0240385
9 0.342548 0.44351 0.0216346 0.0264423
2 0.700721 0.539663 0.0649038 0.0408654
0 0.263221 0.524038 0.0216346 0.0769231
2 0.652644 0.532452 0.0600962 0.0360577
9 0.949519 0.444712 0.0240385 0.0336538
0 0.942308 0.53125 0.0336538 0.100962
0 0.153846 0.532452 0.0336538 0.0985577
2 0.426683 0.539663 0.0649038 0.0552885
