0 0.117788 0.543269 0.0288462 0.0673077
0 0.0240385 0.555288 0.0288462 0.0432692
9 0.341346 0.439904 0.0192308 0.0240385
24 0.90625 0.55649 0.0384615 0.0408654
2 0.665865 0.528846 0.0432692 0.0240385
9 0.377404 0.47476 0.00961538 0.0120192
9 0.199519 0.481971 0.0144231 0.0216346
2 0.706731 0.540865 0.0576923 0.0336538
2 0.567308 0.510817 0.0240385 0.0168269
2 0.582933 0.513221 0.0264423 0.0216346
2 0.461538 0.495192 0.0240385 0.0192308
0 0.936298 0.588942 0.0793269 0.120192
2 0.640625 0.526442 0.0504808 0.0288462
9 0.949519 0.445913 0.0240385 0.0360577
0 0.222356 0.538462 0.0216346 0.0865385
1 0.932692 0.620192 0.125 0.0865385
2 0.429087 0.539663 0.0649038 0.0552885
0 0.0913462 0.597356 0.0528846 0.146635
0 0.609375 0.667067 0.0841346 0.199519
