9 0.795673 0.487981 0.0144231 0.0144231
9 0.977163 0.492788 0.0168269 0.0192308
24 0.841346 0.555288 0.0480769 0.0432692
9 0.948317 0.49399 0.0216346 0.0216346
9 0.199519 0.483173 0.0144231 0.0192308
2 0.603365 0.520433 0.0288462 0.03125
0 0.123798 0.548077 0.03125 0.0673077
2 0.567308 0.510817 0.0240385 0.0168269
2 0.59375 0.515625 0.0336538 0.0264423
2 0.705529 0.540865 0.0600962 0.0384615
2 0.46274 0.496394 0.03125 0.0216346
2 0.584135 0.513221 0.0288462 0.0216346
2 0.664663 0.530048 0.0456731 0.0264423
0 0.941106 0.542067 0.0264423 0.0793269
0 0.223558 0.539663 0.0240385 0.0793269
2 0.640625 0.528846 0.0504808 0.0336538
9 0.949519 0.444712 0.0240385 0.0336538
0 0.861779 0.592548 0.0793269 0.122596
1 0.86899 0.621394 0.132212 0.0841346
0 0.540865 0.651442 0.110577 0.225962
0 0.0877404 0.602163 0.0504808 0.146635
2 0.426683 0.539663 0.0649038 0.0552885
