2 0.515625 0.507212 0.0264423 0.0144231
2 0.461538 0.501202 0.0288462 0.0264423
0 0.990385 0.540865 0.0192308 0.0769231
0 0.739183 0.530048 0.0264423 0.0793269
2 0.609375 0.522837 0.03125 0.0216346
0 0.861779 0.536058 0.0216346 0.0528846
9 0.546875 0.487981 0.0120192 0.0144231
0 0.21274 0.533654 0.0264423 0.0673077
9 0.855769 0.454327 0.0192308 0.0288462
0 0.00961538 0.572115 0.0192308 0.100962
2 0.622596 0.527644 0.0480769 0.03125
2 0.661058 0.533654 0.0576923 0.0384615
0 0.979567 0.53726 0.03125 0.0841346
2 0.429087 0.533654 0.0552885 0.0432692
2 0.895433 0.703125 0.209135 0.252404
2 0.0649038 0.729567 0.129808 0.194712
