2 0.460337 0.495192 0.0264423 0.0192308
2 0.628606 0.526442 0.0456731 0.0336538
2 0.695913 0.539663 0.0745192 0.0360577
2 0.567308 0.510817 0.0240385 0.0168269
9 0.341346 0.442308 0.0192308 0.0240385
2 0.664663 0.532452 0.0504808 0.03125
2 0.584135 0.514423 0.0288462 0.0240385
0 0.153846 0.545673 0.0288462 0.0721154
2 0.592548 0.518029 0.0360577 0.0264423
0 0.942308 0.53125 0.0336538 0.100962
2 0.645433 0.530048 0.0552885 0.0360577
9 0.949519 0.444712 0.0240385 0.0336538
0 0.257212 0.530048 0.0240385 0.0889423
2 0.0264423 0.579327 0.0528846 0.0721154
2 0.425481 0.53726 0.0625 0.0504808
0 0.502404 0.617788 0.0913462 0.163462
