2 0.69351 0.53726 0.0745192 0.0360577
9 0.198317 0.480769 0.0168269 0.0240385
9 0.378606 0.466346 0.0120192 0.0144231
2 0.628606 0.526442 0.0504808 0.0336538
2 0.461538 0.496394 0.0288462 0.0216346
9 0.341346 0.441106 0.0192308 0.0264423
2 0.582933 0.513221 0.0264423 0.0216346
2 0.665865 0.53125 0.0528846 0.0336538
2 0.594952 0.518029 0.0360577 0.0264423
0 0.942308 0.534856 0.0336538 0.09375
2 0.566106 0.512019 0.0216346 0.0192308
0 0.497596 0.581731 0.0769231 0.139423
9 0.949519 0.444712 0.0240385 0.0336538
2 0.645433 0.530048 0.0600962 0.0360577
0 0.188702 0.668269 0.0793269 0.240385
0 0.143029 0.540865 0.03125 0.0769231
0 0.0793269 0.608173 0.0576923 0.173077
2 0.425481 0.538462 0.0625 0.0528846
1 0.5 0.616587 0.153846 0.0985577
