2 0.603365 0.518029 0.0288462 0.0264423
0 0.0192308 0.550481 0.0336538 0.0576923
2 0.582933 0.512019 0.0264423 0.0192308
9 0.891827 0.491587 0.0144231 0.0168269
2 0.709135 0.540865 0.0576923 0.0384615
9 0.340144 0.451923 0.0216346 0.0480769
2 0.461538 0.496394 0.0288462 0.0216346
0 0.158654 0.615385 0.110577 0.134615
2 0.59375 0.515625 0.0336538 0.0216346
9 0.199519 0.481971 0.0144231 0.0264423
2 0.567308 0.510817 0.0240385 0.0168269
1 0.163462 0.616587 0.125 0.137019
0 0.293269 0.532452 0.0288462 0.09375
2 0.635817 0.527644 0.0408654 0.0360577
0 0.225962 0.536058 0.0240385 0.0769231
2 0.655048 0.532452 0.0600962 0.0360577
0 0.942308 0.538462 0.0288462 0.0913462
2 0.990385 0.588942 0.0192308 0.0480769
9 0.948317 0.444712 0.0216346 0.0336538
2 0.427885 0.538462 0.0625 0.0528846
