2 0.603365 0.522837 0.0432692 0.03125
2 0.707933 0.539663 0.0552885 0.0360577
0 0.0204327 0.551683 0.0360577 0.0552885
9 0.223558 0.5 0.0144231 0.0192308
2 0.503606 0.507212 0.0264423 0.0144231
9 0.38101 0.467548 0.0120192 0.0168269
9 0.325721 0.485577 0.0120192 0.0192308
2 0.461538 0.495192 0.0288462 0.0192308
2 0.584135 0.513221 0.0288462 0.0216346
9 0.199519 0.483173 0.0144231 0.0192308
24 0.229567 0.552885 0.0408654 0.0480769
9 0.295673 0.491587 0.0144231 0.0168269
2 0.567308 0.510817 0.0240385 0.0168269
2 0.665865 0.53125 0.0480769 0.0288462
0 0.942308 0.539663 0.0288462 0.0841346
2 0.59375 0.518029 0.0336538 0.0264423
9 0.340144 0.455529 0.0216346 0.0552885
0 0.149038 0.545673 0.0336538 0.0673077
9 0.950721 0.445913 0.0264423 0.0360577
2 0.640625 0.528846 0.0504808 0.0336538
0 0.259615 0.581731 0.0769231 0.120192
2 0.426683 0.540865 0.0649038 0.0528846
1 0.268029 0.620192 0.151442 0.0865385
0 0.109375 0.612981 0.0697115 0.163462
