0 0.0288462 0.516827 0.0240385 0.0961538
9 0.314904 0.472356 0.00961538 0.0120192
2 0.503606 0.504808 0.0264423 0.0192308
9 0.33774 0.477163 0.0120192 0.0120192
2 0.460337 0.49399 0.0264423 0.0216346
9 0.341346 0.441106 0.0144231 0.0264423
2 0.582933 0.513221 0.0264423 0.0216346
2 0.663462 0.530048 0.0480769 0.03125
2 0.567308 0.510817 0.0240385 0.0168269
2 0.701923 0.539663 0.0673077 0.0360577
0 0.944712 0.53125 0.0288462 0.100962
9 0.949519 0.445913 0.0240385 0.0360577
0 0.152644 0.534856 0.03125 0.09375
0 0.78726 0.621394 0.0600962 0.15625
2 0.971154 0.58774 0.0576923 0.0889423
2 0.425481 0.538462 0.0625 0.0528846
