2 0.707933 0.538462 0.0504808 0.0288462
9 0.385817 0.453125 0.0168269 0.0216346
2 0.692308 0.534856 0.0673077 0.03125
0 0.967548 0.53125 0.0264423 0.0913462
0 0.00961538 0.582933 0.0192308 0.09375
0 0.905048 0.534856 0.0216346 0.0745192
0 0.121394 0.546875 0.0168269 0.0360577
9 0.399038 0.492788 0.0144231 0.0144231
2 0.604567 0.512019 0.0216346 0.0144231
9 0.370192 0.481971 0.0144231 0.0168269
2 0.489183 0.503606 0.03125 0.03125
9 0.899038 0.455529 0.0192308 0.03125
2 0.585337 0.510817 0.0216346 0.0168269
2 0.646635 0.526442 0.0288462 0.0288462
2 0.668269 0.527644 0.0384615 0.0264423
0 0.234375 0.524038 0.0264423 0.0865385
2 0.932692 0.723558 0.134615 0.206731
2 0.456731 0.533654 0.0528846 0.0432692
2 0.0528846 0.753606 0.105769 0.151442
