0 0.945913 0.516827 0.0264423 0.0721154
1 0.0228365 0.55649 0.03125 0.0408654
9 0.199519 0.481971 0.0144231 0.0216346
2 0.581731 0.512019 0.0288462 0.0192308
2 0.841346 0.611779 0.0528846 0.141827
2 0.46274 0.495192 0.0264423 0.0192308
2 0.503606 0.503606 0.0264423 0.0168269
2 0.567308 0.510817 0.0240385 0.0168269
2 0.697115 0.540865 0.0961538 0.0432692
9 0.341346 0.439904 0.0144231 0.0240385
0 0.153846 0.538462 0.0288462 0.0865385
9 0.950721 0.445913 0.0216346 0.0360577
2 0.653846 0.532452 0.0625 0.0360577
2 0.852163 0.591346 0.295673 0.100962
0 0.841346 0.621394 0.0480769 0.161058
2 0.427885 0.539663 0.0625 0.0552885
