2 0.557692 0.509615 0.0240385 0.0144231
9 0.947115 0.498798 0.0192308 0.0264423
9 0.375 0.473558 0.0144231 0.0144231
9 0.342548 0.442308 0.0168269 0.0240385
2 0.628606 0.526442 0.0456731 0.0336538
2 0.461538 0.496394 0.0288462 0.0216346
0 0.0240385 0.555288 0.0288462 0.0432692
2 0.604567 0.519231 0.03125 0.0288462
2 0.706731 0.539663 0.0576923 0.0360577
0 0.944712 0.539663 0.0288462 0.09375
2 0.665865 0.53125 0.0480769 0.0288462
2 0.59375 0.516827 0.0336538 0.0240385
2 0.582933 0.513221 0.0264423 0.0216346
2 0.567308 0.510817 0.0240385 0.0168269
0 0.205529 0.552885 0.0216346 0.0576923
2 0.643029 0.53125 0.0456731 0.0384615
9 0.949519 0.444712 0.0240385 0.0384615
0 0.0817308 0.546875 0.0288462 0.0793269
0 0.289663 0.545673 0.0264423 0.0673077
0 0.913462 0.65024 0.0721154 0.175481
0 0.117788 0.578125 0.0480769 0.132212
2 0.426683 0.539663 0.0649038 0.0552885
