9 0.802885 0.491587 0.0192308 0.0168269
2 0.503606 0.504808 0.03125 0.0192308
2 0.584135 0.514423 0.0240385 0.0192308
2 0.627404 0.526442 0.0480769 0.0336538
0 0.304087 0.539663 0.0216346 0.0745192
9 0.122596 0.472356 0.0144231 0.0168269
9 0.199519 0.480769 0.0144231 0.0240385
9 0.302885 0.491587 0.0144231 0.0168269
2 0.46274 0.496394 0.0264423 0.0216346
2 0.603365 0.520433 0.0288462 0.03125
2 0.664663 0.532452 0.0456731 0.03125
9 0.341346 0.44351 0.0192308 0.0264423
2 0.59375 0.518029 0.0336538 0.0264423
0 0.546875 0.53125 0.03125 0.0817308
0 0.94351 0.532452 0.03125 0.0985577
0 0.258413 0.527644 0.0216346 0.0697115
2 0.703125 0.540865 0.0697115 0.0384615
9 0.948317 0.444712 0.0216346 0.0336538
2 0.643029 0.53125 0.0456731 0.0384615
2 0.427885 0.538462 0.0625 0.0528846
2 0.134615 0.582933 0.269231 0.108173
