2 0.460337 0.504808 0.03125 0.0336538
0 0.0204327 0.551683 0.0360577 0.0552885
2 0.664663 0.53125 0.0504808 0.0336538
2 0.461538 0.495192 0.0288462 0.0192308
9 0.200721 0.481971 0.0168269 0.0216346
2 0.584135 0.514423 0.0288462 0.0240385
9 0.223558 0.491587 0.0144231 0.0120192
2 0.564904 0.510817 0.0240385 0.0168269
9 0.341346 0.451923 0.0192308 0.0480769
0 0.94351 0.532452 0.03125 0.103365
2 0.59375 0.518029 0.0336538 0.0264423
2 0.645433 0.530048 0.0600962 0.0360577
0 0.28726 0.536058 0.0264423 0.0817308
9 0.949519 0.445913 0.0240385 0.0360577
0 0.152644 0.532452 0.03125 0.0985577
2 0.427885 0.540865 0.0625 0.0528846
0 0.22476 0.614183 0.0889423 0.161058
2 0.799279 0.584135 0.305288 0.110577
