2 0.00961538 0.581731 0.0192308 0.0432692
0 0.241587 0.524038 0.0456731 0.0961538
2 0.628606 0.527644 0.0456731 0.0360577
9 0.947115 0.491587 0.0144231 0.0216346
0 0.332933 0.520433 0.0216346 0.0793269
2 0.46274 0.496394 0.0264423 0.0216346
2 0.663462 0.532452 0.0480769 0.03125
9 0.342548 0.441106 0.0168269 0.0264423
0 0.180288 0.527644 0.0240385 0.09375
2 0.584135 0.514423 0.0288462 0.0240385
2 0.566106 0.513221 0.0264423 0.0216346
2 0.592548 0.519231 0.0360577 0.0288462
0 0.942308 0.533654 0.0336538 0.0961538
0 0.225962 0.533654 0.0288462 0.0913462
2 0.705529 0.542067 0.0697115 0.0408654
0 0.15625 0.53125 0.0336538 0.0961538
2 0.644231 0.53125 0.0480769 0.0384615
9 0.949519 0.445913 0.0240385 0.0360577
0 0.254808 0.527644 0.0240385 0.0889423
0 0.510817 0.61899 0.0889423 0.161058
2 0.426683 0.539663 0.0649038 0.0552885
