9 0.639423 0.491587 0.0144231 0.0168269
9 0.935096 0.444712 0.0240385 0.0384615
2 0.586538 0.507212 0.0192308 0.0144231
9 0.441106 0.491587 0.0168269 0.0168269
9 0.11899 0.479567 0.0168269 0.0216346
2 0.49399 0.501202 0.0264423 0.03125
9 0.96875 0.491587 0.0192308 0.0216346
9 0.378606 0.442308 0.0168269 0.0240385
0 0.203125 0.53726 0.0264423 0.0745192
2 0.721154 0.53726 0.0721154 0.0408654
2 0.673077 0.527644 0.0480769 0.0360577
9 0.971154 0.444712 0.0288462 0.0384615
0 0.96875 0.532452 0.0288462 0.0889423
2 0.459135 0.534856 0.0576923 0.0552885
5 0.0540865 0.516827 0.108173 0.197115
