9 0.331731 0.490385 0.0144231 0.0144231
9 0.81851 0.486779 0.0168269 0.0168269
9 0.360577 0.451923 0.0144231 0.0192308
2 0.0697115 0.543269 0.0913462 0.0432692
9 0.91226 0.491587 0.0168269 0.0216346
2 0.606971 0.522837 0.0408654 0.0264423
0 0.305288 0.522837 0.0240385 0.0649038
9 0.850962 0.455529 0.0192308 0.03125
2 0.459135 0.5 0.0288462 0.0192308
2 0.659856 0.533654 0.0504808 0.0384615
2 0.61899 0.527644 0.0456731 0.03125
0 0.0132212 0.570913 0.0264423 0.0985577
0 0.969952 0.532452 0.03125 0.0889423
0 0.215144 0.530048 0.0264423 0.0745192
2 0.426683 0.532452 0.0552885 0.0408654
2 0.884615 0.699519 0.230769 0.259615
2 0.0721154 0.719952 0.144231 0.209135
