2 0.497596 0.50601 0.0240385 0.0168269
0 0.246394 0.520433 0.0360577 0.0985577
2 0.460337 0.50601 0.03125 0.0360577
0 0.0192308 0.550481 0.0384615 0.0625
2 0.604567 0.520433 0.0264423 0.0264423
2 0.461538 0.495192 0.0288462 0.0192308
9 0.341346 0.441106 0.0144231 0.0216346
0 0.222356 0.540865 0.03125 0.0721154
2 0.638221 0.527644 0.0408654 0.0360577
2 0.564904 0.512019 0.0240385 0.0192308
2 0.582933 0.514423 0.0264423 0.0240385
0 0.938702 0.533654 0.0360577 0.0961538
9 0.949519 0.44351 0.0240385 0.03125
0 0.155048 0.538462 0.03125 0.0865385
0 0.683894 0.617788 0.0504808 0.163462
2 0.426683 0.539663 0.0649038 0.0552885
