2 0.503606 0.504808 0.03125 0.0192308
0 0.924279 0.53125 0.0264423 0.0913462
2 0.582933 0.514423 0.0264423 0.0192308
2 0.603365 0.519231 0.0288462 0.0288462
0 0.334135 0.521635 0.0240385 0.0817308
9 0.34375 0.441106 0.0192308 0.0264423
2 0.461538 0.495192 0.0288462 0.0240385
0 0.219952 0.53125 0.0360577 0.0961538
2 0.703125 0.536058 0.0600962 0.0336538
2 0.566106 0.512019 0.0216346 0.0192308
2 0.592548 0.516827 0.0360577 0.0240385
0 0.247596 0.522837 0.0336538 0.09375
0 0.938702 0.533654 0.0360577 0.0961538
2 0.638221 0.528846 0.0408654 0.0336538
0 0.155048 0.538462 0.03125 0.0865385
9 0.949519 0.445913 0.0240385 0.0360577
2 0.426683 0.539663 0.0649038 0.0552885
0 0.722356 0.620192 0.0745192 0.163462
