9 0.264423 0.483173 0.0144231 0.0192308
9 0.341346 0.442308 0.0192308 0.0288462
9 0.515625 0.456731 0.00721154 0.00961538
2 0.560096 0.509615 0.0240385 0.0144231
2 0.600962 0.520433 0.0432692 0.03125
9 0.325721 0.486779 0.0168269 0.0168269
9 0.199519 0.481971 0.0144231 0.0216346
2 0.461538 0.496394 0.0288462 0.0216346
2 0.694712 0.538462 0.0769231 0.0384615
2 0.567308 0.513221 0.0240385 0.0216346
9 0.223558 0.481971 0.00961538 0.0216346
2 0.584135 0.514423 0.0288462 0.0240385
2 0.635817 0.527644 0.0456731 0.0360577
2 0.655048 0.532452 0.0649038 0.0360577
0 0.94351 0.532452 0.03125 0.0985577
9 0.950721 0.445913 0.0216346 0.0360577
2 0.429087 0.538462 0.0600962 0.0528846
0 0.40625 0.612981 0.0625 0.163462
2 0.163462 0.575721 0.317308 0.108173
