9 0.746394 0.49399 0.0168269 0.0168269
0 0.941106 0.53125 0.03125 0.100962
2 0.46274 0.495192 0.0264423 0.0192308
9 0.260817 0.481971 0.0168269 0.0216346
2 0.582933 0.512019 0.0264423 0.0192308
0 0.0204327 0.551683 0.0360577 0.0552885
2 0.663462 0.533654 0.0480769 0.0336538
0 0.225962 0.543269 0.0240385 0.0721154
0 0.264423 0.530048 0.0192308 0.0649038
9 0.948317 0.442308 0.0216346 0.0288462
0 0.485577 0.528846 0.0288462 0.0817308
2 0.592548 0.515625 0.0360577 0.0264423
5 0.96875 0.526442 0.0625 0.168269
2 0.566106 0.510817 0.0216346 0.0168269
9 0.342548 0.442308 0.0216346 0.0288462
2 0.644231 0.53125 0.0480769 0.0384615
2 0.699519 0.542067 0.0673077 0.0408654
0 0.155048 0.540865 0.03125 0.0769231
2 0.426683 0.538462 0.0600962 0.0528846
