2 0.582933 0.508413 0.0264423 0.0168269
0 0.605769 0.534856 0.0288462 0.0697115
9 0.300481 0.483173 0.0192308 0.0336538
9 0.734375 0.471154 0.0120192 0.0144231
9 0.75601 0.466346 0.0120192 0.0192308
2 0.394231 0.53726 0.0192308 0.03125
0 0.549279 0.540865 0.0216346 0.0673077
0 0.331731 0.528846 0.0144231 0.0480769
9 0.362981 0.442308 0.0240385 0.0288462
0 0.299279 0.533654 0.0216346 0.0721154
2 0.480769 0.497596 0.0240385 0.0240385
9 0.957933 0.44351 0.0216346 0.0360577
2 0.661058 0.527644 0.0480769 0.0360577
0 0.955529 0.53125 0.0360577 0.0961538
2 0.713942 0.538462 0.0769231 0.0432692
2 0.445913 0.534856 0.0600962 0.0504808
5 0.122596 0.516827 0.245192 0.216346
