7 0.663462 0.475962 0.245192 0.173077
2 0.0180288 0.516827 0.0360577 0.0673077
0 0.0540865 0.530048 0.03125 0.0889423
2 0.407452 0.510817 0.0600962 0.0360577
26 0.651442 0.634615 0.0288462 0.0384615
2 0.859375 0.539663 0.103365 0.0456731
0 0.0372596 0.548077 0.0360577 0.0961538
2 0.622596 0.551683 0.139423 0.0793269
2 0.71274 0.561298 0.194712 0.0889423
0 0.632212 0.600962 0.0480769 0.144231
12 0.169471 0.65024 0.0456731 0.112981
0 0.515625 0.604567 0.0552885 0.170673
10 0.403846 0.759615 0.0721154 0.129808
