0 0.122596 0.545673 0.0192308 0.0432692
2 0.641827 0.508413 0.0288462 0.0168269
0 0.331731 0.518029 0.0192308 0.0697115
2 0.621394 0.508413 0.0264423 0.0168269
9 0.984375 0.454327 0.03125 0.0625
9 0.407452 0.44351 0.0216346 0.0264423
9 0.700721 0.490385 0.0168269 0.0192308
9 0.195913 0.479567 0.0168269 0.0216346
0 0.979567 0.527644 0.0360577 0.0985577
9 0.528846 0.489183 0.00961538 0.0168269
0 0.300481 0.519231 0.0192308 0.0769231
2 0.739183 0.533654 0.0841346 0.0384615
2 0.483173 0.53125 0.0528846 0.0528846
0 0.239183 0.53125 0.0264423 0.0769231
