9 0.417067 0.456731 0.0216346 0.0432692
2 0.0997596 0.545673 0.0985577 0.0480769
9 0.295673 0.484375 0.0192308 0.0168269
9 0.254808 0.487981 0.0144231 0.0192308
0 0.384615 0.526442 0.0144231 0.0480769
0 0.991587 0.53125 0.0168269 0.0865385
2 0.643029 0.509615 0.0264423 0.0192308
0 0.975962 0.53125 0.0288462 0.0865385
2 0.623798 0.508413 0.0216346 0.0168269
9 0.415865 0.448317 0.0192308 0.0216346
2 0.748798 0.53726 0.0697115 0.0408654
0 0.507212 0.53726 0.0192308 0.0552885
2 0.704327 0.527644 0.0432692 0.03125
2 0.484375 0.534856 0.0456731 0.0504808
0 0.254808 0.532452 0.0288462 0.0745192
