9 0.794471 0.487981 0.0120192 0.0144231
2 0.503606 0.50601 0.03125 0.0168269
9 0.376202 0.472356 0.0120192 0.0168269
0 0.0204327 0.551683 0.0360577 0.0552885
9 0.341346 0.441106 0.0192308 0.0264423
0 0.328125 0.530048 0.0216346 0.0649038
2 0.605769 0.520433 0.0288462 0.03125
2 0.705529 0.540865 0.0600962 0.0384615
2 0.463942 0.501202 0.0336538 0.03125
0 0.294471 0.534856 0.0264423 0.0889423
2 0.655048 0.53125 0.0504808 0.0336538
2 0.592548 0.516827 0.0360577 0.0288462
2 0.567308 0.510817 0.0240385 0.0168269
2 0.582933 0.514423 0.0264423 0.0240385
9 0.949519 0.445913 0.0240385 0.0360577
2 0.637019 0.527644 0.0432692 0.0360577
0 0.94351 0.533654 0.03125 0.0961538
0 0.108173 0.584135 0.0576923 0.139423
2 0.426683 0.539663 0.0649038 0.0552885
0 0.835337 0.651442 0.0985577 0.192308
