2 0.46274 0.502404 0.03125 0.0336538
2 0.602163 0.519231 0.03125 0.0288462
2 0.695913 0.538462 0.0745192 0.0384615
2 0.664663 0.532452 0.0504808 0.03125
9 0.341346 0.442308 0.0192308 0.0240385
0 0.0228365 0.55649 0.0216346 0.0408654
0 0.942308 0.539663 0.0240385 0.0841346
0 0.283654 0.53726 0.0288462 0.09375
2 0.566106 0.512019 0.0216346 0.0192308
2 0.584135 0.514423 0.0288462 0.0240385
9 0.949519 0.445913 0.0240385 0.0360577
2 0.643029 0.530048 0.0504808 0.0360577
0 0.973558 0.651442 0.0528846 0.168269
0 0.0661058 0.545673 0.03125 0.0913462
0 0.125 0.570913 0.0480769 0.132212
2 0.426683 0.538462 0.0649038 0.0528846
