2 0.413462 0.507212 0.0480769 0.0288462
0 0.515625 0.569712 0.0552885 0.0961538
2 0.341346 0.514423 0.129808 0.0432692
2 0.346154 0.538462 0.144231 0.0913462
9 0.356971 0.43149 0.0168269 0.0168269
7 0.66226 0.479567 0.228365 0.161058
56 0.341346 0.581731 0.0576923 0.0769231
56 0.407452 0.58774 0.0552885 0.0793269
2 0.429087 0.512019 0.0841346 0.0432692
2 0.856971 0.539663 0.103365 0.0456731
77 0.481971 0.632212 0.0841346 0.0961538
0 0.627404 0.59976 0.0528846 0.146635
12 0.168269 0.649038 0.0432692 0.110577
0 0.138221 0.567308 0.0408654 0.0961538
10 0.405048 0.757212 0.0649038 0.134615
