2 0.61899 0.508413 0.0264423 0.0168269
2 0.610577 0.507212 0.0240385 0.0144231
2 0.629808 0.508413 0.0288462 0.0168269
2 0.516827 0.49399 0.0240385 0.0216346
9 0.947115 0.44351 0.0192308 0.0264423
9 0.409856 0.444712 0.0168269 0.0192308
9 0.38101 0.477163 0.0120192 0.0120192
2 0.102163 0.540865 0.09375 0.0432692
0 0.254808 0.534856 0.0240385 0.0600962
2 0.689904 0.52524 0.0432692 0.03125
0 0.948317 0.524038 0.03125 0.0913462
2 0.03125 0.790865 0.0625 0.0817308
2 0.486779 0.533654 0.0456731 0.0480769
