0 0.0420673 0.560096 0.03125 0.0769231
0 0.0396635 0.534856 0.0504808 0.103365
0 0.811298 0.508413 0.0168269 0.0408654
9 0.810096 0.461538 0.0144231 0.0192308
2 0.40625 0.510817 0.0625 0.0360577
26 0.65024 0.634615 0.0264423 0.0384615
2 0.0204327 0.516827 0.0408654 0.0721154
2 0.862981 0.542067 0.100962 0.0456731
2 0.604567 0.550481 0.0456731 0.0625
0 0.632212 0.602163 0.0480769 0.141827
12 0.168269 0.649038 0.0432692 0.115385
0 0.515625 0.604567 0.0600962 0.170673
2 0.72476 0.5625 0.262019 0.0961538
10 0.407452 0.75601 0.0649038 0.137019
