9 0.632212 0.49399 0.0144231 0.0168269
9 0.376202 0.469952 0.0120192 0.0168269
2 0.503606 0.504808 0.0264423 0.0192308
0 0.0228365 0.539663 0.0360577 0.0793269
9 0.0336538 0.485577 0.0192308 0.0192308
2 0.661058 0.532452 0.0576923 0.03125
2 0.46274 0.495192 0.0264423 0.0192308
2 0.567308 0.510817 0.0240385 0.0168269
2 0.585337 0.513221 0.0264423 0.0216346
2 0.705529 0.540865 0.0600962 0.0384615
9 0.947115 0.484375 0.0144231 0.0168269
9 0.341346 0.442308 0.0144231 0.0240385
9 0.950721 0.445913 0.0216346 0.0360577
0 0.152644 0.539663 0.03125 0.0841346
2 0.426683 0.539663 0.0649038 0.0552885
0 0.800481 0.625 0.0865385 0.153846
2 0.942308 0.590144 0.115385 0.0985577
