2 0.403846 0.513221 0.0673077 0.0408654
16 0.820913 0.602163 0.0697115 0.0697115
26 0.647837 0.633413 0.03125 0.0408654
30 0.814904 0.74399 0.139423 0.0504808
16 0.811298 0.664663 0.127404 0.204327
0 0.460337 0.581731 0.0600962 0.139423
2 0.862981 0.544471 0.0961538 0.0408654
0 0.629808 0.597356 0.0528846 0.151442
0 0.811298 0.66226 0.127404 0.204327
12 0.169471 0.649038 0.0456731 0.110577
0 0.516827 0.604567 0.0576923 0.170673
0 0.97476 0.605769 0.0504808 0.153846
10 0.405048 0.757212 0.0745192 0.129808
