2 0.557692 0.508413 0.0240385 0.0168269
0 0.0192308 0.550481 0.0384615 0.0576923
2 0.697115 0.538462 0.0769231 0.0384615
2 0.461538 0.495192 0.0288462 0.0192308
9 0.387019 0.471154 0.00961538 0.0144231
9 0.340144 0.439904 0.0168269 0.0240385
2 0.664663 0.53125 0.0504808 0.0288462
2 0.584135 0.513221 0.0288462 0.0216346
2 0.566106 0.510817 0.0216346 0.0168269
2 0.594952 0.516827 0.0360577 0.0240385
9 0.948317 0.483173 0.0168269 0.0192308
9 0.950721 0.445913 0.0216346 0.0408654
2 0.643029 0.530048 0.0552885 0.0360577
0 0.152644 0.536058 0.03125 0.0913462
0 0.206731 0.615385 0.0673077 0.153846
2 0.427885 0.539663 0.0625 0.0552885
2 0.865385 0.584135 0.269231 0.105769
