9 0.390625 0.471154 0.00721154 0.0144231
0 0.262019 0.521635 0.0240385 0.0817308
9 0.763221 0.496394 0.0168269 0.0168269
9 0.199519 0.483173 0.0144231 0.0192308
9 0.341346 0.441106 0.0192308 0.0264423
2 0.581731 0.512019 0.0288462 0.0192308
2 0.567308 0.510817 0.0240385 0.0168269
2 0.704327 0.539663 0.0576923 0.0360577
2 0.664663 0.532452 0.0504808 0.03125
0 0.94351 0.533654 0.03125 0.0961538
2 0.461538 0.496394 0.0288462 0.0216346
2 0.592548 0.518029 0.0360577 0.0264423
0 0.330529 0.521635 0.0264423 0.0769231
2 0.641827 0.530048 0.0480769 0.0360577
9 0.949519 0.445913 0.0240385 0.0360577
2 0.429087 0.532452 0.0600962 0.0408654
0 0.423077 0.615385 0.0817308 0.168269
2 0.139423 0.575721 0.278846 0.108173
