0 0.342548 0.526442 0.0168269 0.0576923
0 0.21875 0.528846 0.0240385 0.0769231
9 0.340144 0.477163 0.0120192 0.0216346
9 0.627404 0.491587 0.0144231 0.0168269
9 0.430288 0.490385 0.0144231 0.0144231
1 0.627404 0.55649 0.0192308 0.0360577
9 0.965144 0.490385 0.0216346 0.0240385
2 0.490385 0.501202 0.0288462 0.03125
2 0.590144 0.508413 0.0216346 0.0168269
0 0.963942 0.533654 0.0288462 0.0913462
2 0.670673 0.528846 0.0432692 0.0336538
9 0.966346 0.444712 0.0240385 0.0384615
0 0.194712 0.538462 0.0288462 0.0769231
2 0.721154 0.53726 0.0769231 0.0408654
2 0.456731 0.534856 0.0528846 0.0504808
5 0.0709135 0.518029 0.141827 0.204327
