2 0.605769 0.509615 0.0288462 0.0192308
9 0.805288 0.480769 0.0144231 0.0192308
0 0.277644 0.510817 0.0264423 0.0889423
9 0.927885 0.447115 0.0192308 0.0336538
2 0.620192 0.509615 0.0240385 0.0192308
0 0.991587 0.532452 0.0168269 0.09375
0 0.245192 0.536058 0.0240385 0.0625
0 0.00600962 0.582933 0.0120192 0.0985577
2 0.507212 0.5 0.0288462 0.0240385
2 0.673077 0.52524 0.0480769 0.03125
0 0.930288 0.530048 0.0240385 0.0745192
2 0.71875 0.533654 0.0769231 0.0384615
2 0.967548 0.742788 0.0649038 0.173077
2 0.471154 0.53125 0.0576923 0.0480769
2 0.0396635 0.780048 0.0793269 0.103365
