9 0.8125 0.478365 0.0144231 0.0192308
2 0.715144 0.528846 0.0600962 0.0336538
2 0.983173 0.754808 0.0336538 0.149038
9 0.344952 0.473558 0.0120192 0.0240385
2 0.673077 0.521635 0.0432692 0.0336538
9 0.454327 0.489183 0.0192308 0.0168269
9 0.251202 0.480769 0.0168269 0.0240385
2 0.510817 0.49399 0.0264423 0.0216346
9 0.94351 0.444712 0.0216346 0.0288462
2 0.685096 0.52524 0.0432692 0.03125
0 0.00721154 0.585337 0.0144231 0.09375
9 0.408654 0.445913 0.0192308 0.0216346
0 0.252404 0.530048 0.0240385 0.0697115
2 0.0997596 0.540865 0.09375 0.0432692
0 0.939904 0.524038 0.0336538 0.0913462
0 0.548077 0.522837 0.0240385 0.0745192
2 0.0372596 0.784856 0.0745192 0.09375
2 0.483173 0.53125 0.0480769 0.0480769
