2 0.592548 0.515625 0.0360577 0.0216346
2 0.582933 0.513221 0.0264423 0.0216346
16 0.336538 0.609375 0.0576923 0.0600962
9 0.71875 0.467548 0.0144231 0.0168269
9 0.340144 0.439904 0.0168269 0.0240385
9 0.378606 0.473558 0.0120192 0.0144231
9 0.199519 0.481971 0.0144231 0.0216346
2 0.705529 0.540865 0.0649038 0.0384615
2 0.639423 0.52524 0.0480769 0.0264423
2 0.566106 0.510817 0.0216346 0.0168269
2 0.463942 0.501202 0.0336538 0.0264423
0 0.293269 0.534856 0.0240385 0.0889423
0 0.223558 0.532452 0.0240385 0.0889423
9 0.949519 0.445913 0.0240385 0.0360577
0 0.651442 0.585337 0.0769231 0.127404
0 0.942308 0.543269 0.0288462 0.0769231
0 0.135817 0.543269 0.03125 0.0769231
1 0.651442 0.617788 0.149038 0.0961538
2 0.426683 0.538462 0.0649038 0.0528846
0 0.078125 0.606971 0.0600962 0.161058
0 0.338942 0.675481 0.0817308 0.197115
