9 0.270433 0.485577 0.0120192 0.0144231
9 0.420673 0.491587 0.0144231 0.0168269
0 0.189904 0.539663 0.0240385 0.0745192
9 0.192308 0.49399 0.0144231 0.0168269
9 0.233173 0.483173 0.0144231 0.0240385
2 0.485577 0.503606 0.0288462 0.03125
9 0.300481 0.483173 0.0192308 0.0288462
9 0.963942 0.490385 0.0192308 0.0192308
2 0.586538 0.508413 0.0192308 0.0168269
0 0.959135 0.532452 0.0336538 0.09375
1 0.620192 0.55649 0.0288462 0.0360577
9 0.371394 0.442308 0.0216346 0.0288462
2 0.669471 0.528846 0.0456731 0.0336538
9 0.965144 0.44351 0.0264423 0.0360577
2 0.71875 0.538462 0.0769231 0.0432692
2 0.451923 0.536058 0.0576923 0.0480769
5 0.0865385 0.516827 0.173077 0.206731
