2 0.604567 0.522837 0.0264423 0.03125
9 0.907452 0.492788 0.0168269 0.0192308
2 0.0192308 0.551683 0.0384615 0.0552885
9 0.325721 0.486779 0.0120192 0.0168269
2 0.503606 0.50601 0.0264423 0.0168269
2 0.694712 0.539663 0.0721154 0.0360577
9 0.341346 0.441106 0.0192308 0.0264423
2 0.46274 0.501202 0.03125 0.0264423
0 0.225962 0.539663 0.0192308 0.0745192
2 0.585337 0.514423 0.03125 0.0240385
2 0.566106 0.512019 0.0264423 0.0192308
24 0.269231 0.551683 0.0480769 0.0360577
9 0.200721 0.481971 0.0168269 0.0216346
0 0.94351 0.534856 0.03125 0.09375
9 0.295673 0.471154 0.0144231 0.0144231
2 0.594952 0.519231 0.0360577 0.0288462
2 0.634615 0.527644 0.0432692 0.0360577
2 0.655048 0.532452 0.0552885 0.0360577
9 0.949519 0.444712 0.0192308 0.0336538
0 0.149038 0.53125 0.0336538 0.100962
0 0.301683 0.591346 0.09375 0.125
1 0.30649 0.621394 0.151442 0.0841346
2 0.426683 0.540865 0.0649038 0.0528846
0 0.104567 0.615385 0.0745192 0.158654
