9 0.259615 0.490385 0.0144231 0.0144231
2 0.644231 0.509615 0.0288462 0.0192308
2 0.65625 0.509615 0.0384615 0.0192308
9 0.387019 0.477163 0.0144231 0.0120192
9 0.239183 0.478365 0.0120192 0.0240385
9 0.978365 0.489183 0.0192308 0.0216346
9 0.534856 0.489183 0.0120192 0.0168269
9 0.294471 0.480769 0.0168269 0.0192308
9 0.415865 0.449519 0.0192308 0.0240385
2 0.746394 0.533654 0.0649038 0.0336538
9 0.50601 0.487981 0.0120192 0.0144231
2 0.622596 0.509615 0.0240385 0.0192308
0 0.978365 0.538462 0.0240385 0.0721154
9 0.975962 0.44351 0.0144231 0.03125
2 0.104567 0.545673 0.0985577 0.0480769
2 0.484375 0.534856 0.0504808 0.0504808
2 0.706731 0.527644 0.0480769 0.03125
0 0.257212 0.536058 0.0240385 0.0721154
