1 0.0204327 0.55649 0.0360577 0.0408654
9 0.796875 0.469952 0.0120192 0.0216346
2 0.832933 0.555288 0.0985577 0.0576923
9 0.796875 0.489183 0.0120192 0.0120192
1 0.235577 0.555288 0.0432692 0.0432692
2 0.503606 0.504808 0.0264423 0.0192308
9 0.341346 0.442308 0.0144231 0.0240385
2 0.46274 0.495192 0.0264423 0.0192308
2 0.567308 0.512019 0.0240385 0.0192308
2 0.582933 0.514423 0.0264423 0.0240385
2 0.658654 0.533654 0.0625 0.0336538
0 0.153846 0.536058 0.0288462 0.0913462
2 0.695913 0.542067 0.0793269 0.0408654
9 0.950721 0.444712 0.0264423 0.0384615
9 0.945913 0.481971 0.0168269 0.0216346
2 0.426683 0.539663 0.0649038 0.0552885
0 0.808894 0.61899 0.0841346 0.165865
2 0.919471 0.591346 0.161058 0.100962
