2 0.694712 0.539663 0.0721154 0.0360577
9 0.341346 0.442308 0.0192308 0.0288462
9 0.199519 0.481971 0.0144231 0.0216346
0 0.914663 0.532452 0.0264423 0.0889423
0 0.22476 0.543269 0.0216346 0.0673077
2 0.582933 0.513221 0.03125 0.0216346
0 0.145433 0.548077 0.0216346 0.0625
2 0.663462 0.532452 0.0528846 0.03125
2 0.461538 0.495192 0.0288462 0.0192308
2 0.594952 0.515625 0.0360577 0.0264423
0 0.94351 0.533654 0.03125 0.0961538
2 0.566106 0.512019 0.0264423 0.0192308
9 0.379808 0.472356 0.00961538 0.0120192
2 0.645433 0.530048 0.0600962 0.0360577
9 0.950721 0.445913 0.0216346 0.0360577
0 0.340144 0.586538 0.0793269 0.120192
0 0.0288462 0.704327 0.0576923 0.206731
1 0.347356 0.617788 0.165865 0.0913462
2 0.427885 0.540865 0.0673077 0.0528846
0 0.0997596 0.611779 0.0697115 0.165865
