0 0.0228365 0.555288 0.03125 0.0432692
2 0.638221 0.52524 0.0600962 0.0264423
2 0.463942 0.502404 0.0336538 0.0288462
0 0.22476 0.538462 0.0264423 0.0817308
9 0.341346 0.471154 0.0144231 0.0192308
2 0.566106 0.509615 0.0264423 0.0144231
2 0.503606 0.504808 0.0264423 0.0192308
9 0.311298 0.473558 0.00721154 0.0144231
9 0.340144 0.455529 0.0216346 0.0504808
9 0.949519 0.445913 0.0240385 0.0360577
0 0.259615 0.534856 0.0288462 0.0793269
0 0.94351 0.530048 0.03125 0.103365
0 0.152644 0.538462 0.03125 0.0865385
2 0.427885 0.539663 0.0625 0.0552885
0 0.876202 0.623798 0.09375 0.161058
2 0.701923 0.58774 0.317308 0.108173
