2 0.5 0.491587 0.0240385 0.0168269
2 0.623798 0.510817 0.03125 0.0216346
9 0.825721 0.485577 0.0120192 0.0144231
0 0.209135 0.53726 0.0288462 0.0745192
9 0.137019 0.479567 0.0192308 0.0216346
9 0.77524 0.46274 0.0120192 0.0216346
0 0.0865385 0.550481 0.0192308 0.0432692
0 0.536058 0.534856 0.0192308 0.0456731
9 0.456731 0.491587 0.0144231 0.0168269
2 0.604567 0.509615 0.0264423 0.0192308
0 0.97476 0.536058 0.0264423 0.0817308
9 0.97476 0.492788 0.0168269 0.0192308
9 0.389423 0.44351 0.0192308 0.0264423
9 0.972356 0.447115 0.0264423 0.0432692
2 0.683894 0.526442 0.0552885 0.0336538
2 0.463942 0.534856 0.0673077 0.0504808
5 0.0216346 0.513221 0.0432692 0.170673
2 0.728365 0.538462 0.0817308 0.0432692
