9 0.25601 0.487981 0.0168269 0.0192308
2 0.46274 0.495192 0.0264423 0.0192308
2 0.647837 0.528846 0.0697115 0.0336538
9 0.223558 0.498798 0.0144231 0.0168269
2 0.503606 0.50601 0.0264423 0.0168269
0 0.0192308 0.551683 0.0336538 0.0552885
0 0.225962 0.542067 0.0240385 0.0697115
9 0.600962 0.49399 0.0144231 0.0168269
2 0.566106 0.510817 0.0216346 0.0168269
0 0.257212 0.536058 0.0240385 0.0769231
9 0.199519 0.481971 0.0144231 0.0216346
9 0.341346 0.451923 0.0192308 0.0480769
9 0.3125 0.469952 0.00961538 0.0168269
9 0.949519 0.44351 0.0240385 0.0360577
0 0.94351 0.532452 0.03125 0.0985577
0 0.153846 0.543269 0.0288462 0.0769231
2 0.727163 0.58774 0.257212 0.0985577
2 0.426683 0.538462 0.0649038 0.0528846
0 0.872596 0.625 0.0913462 0.158654
