2 0.514423 0.507212 0.0240385 0.0144231
2 0.592548 0.516827 0.0408654 0.0288462
2 0.461538 0.496394 0.0288462 0.0216346
2 0.566106 0.509615 0.0264423 0.0144231
9 0.342548 0.439904 0.0168269 0.0240385
2 0.582933 0.513221 0.03125 0.0216346
0 0.186298 0.528846 0.0264423 0.0913462
2 0.664663 0.532452 0.0504808 0.03125
0 0.252404 0.528846 0.0240385 0.0913462
0 0.942308 0.534856 0.0336538 0.09375
2 0.643029 0.530048 0.0504808 0.0360577
9 0.949519 0.444712 0.0240385 0.0336538
0 0.155048 0.538462 0.03125 0.0865385
0 0.557692 0.616587 0.0673077 0.161058
2 0.426683 0.538462 0.0649038 0.0528846
