9 0.753606 0.497596 0.0168269 0.0192308
9 0.199519 0.480769 0.0144231 0.0192308
9 0.174279 0.491587 0.0168269 0.0168269
2 0.604567 0.524038 0.0264423 0.0288462
9 0.223558 0.496394 0.0144231 0.0168269
2 0.627404 0.526442 0.0480769 0.0336538
0 0.334135 0.524038 0.0240385 0.0769231
9 0.260817 0.487981 0.0168269 0.0192308
9 0.341346 0.447115 0.0192308 0.0384615
2 0.664663 0.532452 0.0504808 0.03125
2 0.567308 0.512019 0.0240385 0.0192308
2 0.461538 0.495192 0.0240385 0.0192308
2 0.705529 0.540865 0.0552885 0.0384615
2 0.584135 0.515625 0.0288462 0.0264423
2 0.592548 0.519231 0.0360577 0.0288462
2 0.643029 0.530048 0.0456731 0.0360577
0 0.942308 0.532452 0.0336538 0.0985577
9 0.948317 0.444712 0.0216346 0.0336538
2 0.424279 0.53726 0.0600962 0.0504808
0 0.453125 0.615385 0.0552885 0.168269
2 0.0793269 0.572115 0.158654 0.110577
