9 0.152644 0.489183 0.0216346 0.0264423
9 0.199519 0.483173 0.0144231 0.0240385
2 0.584135 0.513221 0.0288462 0.0216346
2 0.460337 0.501202 0.03125 0.0264423
2 0.707933 0.540865 0.0552885 0.0384615
2 0.665865 0.53125 0.0480769 0.0288462
9 0.340144 0.450721 0.0216346 0.0456731
2 0.567308 0.510817 0.0240385 0.0168269
9 0.875 0.492788 0.0144231 0.0192308
2 0.594952 0.516827 0.0360577 0.0288462
0 0.0697115 0.578125 0.0673077 0.117788
9 0.949519 0.445913 0.0240385 0.0408654
2 0.643029 0.53125 0.0504808 0.0384615
0 0.225962 0.533654 0.0240385 0.0865385
9 0.947115 0.481971 0.0144231 0.0216346
1 0.0769231 0.612981 0.139423 0.0913462
0 0.161058 0.611779 0.0769231 0.165865
2 0.426683 0.538462 0.0649038 0.0528846
2 0.949519 0.586538 0.100962 0.105769
