9 0.865385 0.478365 0.0144231 0.0144231
2 0.581731 0.512019 0.0288462 0.0192308
2 0.557692 0.509615 0.0288462 0.0144231
9 0.341346 0.441106 0.0192308 0.0264423
0 0.151442 0.513221 0.0288462 0.0841346
2 0.461538 0.495192 0.0288462 0.0192308
2 0.664663 0.532452 0.0504808 0.03125
2 0.567308 0.510817 0.0240385 0.0168269
2 0.703125 0.539663 0.0649038 0.0408654
2 0.594952 0.516827 0.0360577 0.0240385
0 0.0192308 0.569712 0.0384615 0.120192
9 0.950721 0.444712 0.0264423 0.0384615
0 0.292067 0.53726 0.0264423 0.0841346
2 0.641827 0.530048 0.0528846 0.0360577
9 0.947115 0.481971 0.0192308 0.0216346
0 0.225962 0.53125 0.0240385 0.0913462
0 0.177885 0.615385 0.0528846 0.163462
1 0.0372596 0.615385 0.0745192 0.0817308
2 0.426683 0.540865 0.0649038 0.0528846
2 0.908654 0.582933 0.182692 0.108173
