9 0.786058 0.490385 0.0144231 0.0144231
9 0.5625 0.492788 0.0144231 0.0144231
9 0.311298 0.489183 0.0264423 0.0216346
9 0.847356 0.491587 0.0168269 0.0168269
9 0.371394 0.489183 0.0120192 0.0168269
9 0.75 0.491587 0.0144231 0.0168269
9 0.901442 0.49399 0.0144231 0.0168269
9 0.356971 0.463942 0.0216346 0.0240385
2 0.652644 0.53726 0.0552885 0.03125
9 0.83774 0.456731 0.0168269 0.0240385
2 0.454327 0.509615 0.0288462 0.0240385
0 0.317308 0.539663 0.0240385 0.0408654
2 0.614183 0.53125 0.0456731 0.0288462
0 0.216346 0.542067 0.0240385 0.0600962
0 0.0168269 0.566106 0.0336538 0.103365
2 0.423077 0.53726 0.0528846 0.0408654
2 0.876202 0.698317 0.247596 0.257212
2 0.0805288 0.721154 0.161058 0.211538
