2 0.641827 0.508413 0.0240385 0.0168269
2 0.689904 0.520433 0.0288462 0.0216346
9 0.984375 0.489183 0.0216346 0.0216346
0 0.991587 0.528846 0.0168269 0.0913462
2 0.0817308 0.544471 0.0913462 0.0456731
0 0.123798 0.545673 0.0216346 0.0432692
9 0.840144 0.479567 0.0168269 0.0216346
9 0.526442 0.489183 0.0144231 0.0168269
9 0.503606 0.487981 0.0120192 0.0192308
9 0.41226 0.444712 0.0216346 0.0240385
2 0.622596 0.507212 0.0192308 0.0192308
9 0.704327 0.489183 0.0144231 0.0168269
0 0.973558 0.532452 0.0288462 0.0841346
2 0.75 0.536058 0.0625 0.0384615
9 0.985577 0.457933 0.0288462 0.0697115
0 0.24399 0.536058 0.0264423 0.0721154
2 0.485577 0.53125 0.0576923 0.0528846
