0 0.0228365 0.555288 0.03125 0.0432692
2 0.461538 0.495192 0.0288462 0.0192308
2 0.566106 0.510817 0.0264423 0.0168269
9 0.376202 0.46875 0.0120192 0.0144231
9 0.948317 0.49399 0.0168269 0.0264423
9 0.852163 0.49399 0.0168269 0.0168269
1 0.264423 0.551683 0.0288462 0.0504808
9 0.199519 0.480769 0.0144231 0.0240385
9 0.341346 0.444712 0.0192308 0.0336538
0 0.225962 0.538462 0.0240385 0.0817308
2 0.640625 0.527644 0.0649038 0.0360577
2 0.697115 0.542067 0.0865385 0.0408654
0 0.264423 0.534856 0.0336538 0.0745192
9 0.949519 0.445913 0.0240385 0.0360577
0 0.153846 0.543269 0.0288462 0.0721154
2 0.427885 0.53726 0.0625 0.0504808
0 0.907452 0.622596 0.0504808 0.163462
2 0.591346 0.586538 0.322115 0.105769
