0 0.0192308 0.551683 0.0336538 0.0552885
9 0.340144 0.442308 0.0216346 0.0288462
2 0.461538 0.495192 0.0288462 0.0192308
2 0.433894 0.52524 0.0649038 0.03125
2 0.664663 0.532452 0.0504808 0.03125
2 0.585337 0.514423 0.03125 0.0240385
9 0.389423 0.469952 0.00961538 0.0168269
2 0.566106 0.510817 0.0264423 0.0168269
2 0.704327 0.540865 0.0673077 0.0384615
9 0.199519 0.484375 0.0144231 0.0216346
2 0.59375 0.518029 0.0384615 0.0264423
9 0.223558 0.492788 0.0144231 0.0144231
0 0.225962 0.550481 0.0192308 0.0528846
2 0.643029 0.530048 0.0552885 0.0360577
0 0.94351 0.53125 0.03125 0.100962
0 0.155048 0.540865 0.03125 0.0817308
9 0.949519 0.445913 0.0240385 0.0360577
0 0.332933 0.612981 0.0504808 0.163462
2 0.411058 0.579327 0.307692 0.110577
