30 0.590144 0.692308 0.0649038 0.0192308
0 0.334135 0.532452 0.0192308 0.0649038
9 0.703125 0.49399 0.0168269 0.0168269
0 0.227163 0.546875 0.0216346 0.0600962
2 0.582933 0.513221 0.03125 0.0216346
0 0.0204327 0.551683 0.0360577 0.0552885
2 0.567308 0.509615 0.0240385 0.0192308
9 0.341346 0.441106 0.0192308 0.0264423
0 0.252404 0.530048 0.0240385 0.0793269
9 0.328125 0.478365 0.0168269 0.0240385
0 0.942308 0.534856 0.0288462 0.09375
2 0.655048 0.53125 0.0697115 0.0384615
9 0.949519 0.444712 0.0240385 0.0336538
0 0.153846 0.538462 0.0288462 0.0865385
2 0.426683 0.539663 0.0649038 0.0552885
0 0.59976 0.615385 0.0649038 0.163462
