9 0.294471 0.490385 0.0168269 0.0192308
0 0.0192308 0.551683 0.0336538 0.0552885
2 0.705529 0.539663 0.0552885 0.0360577
2 0.603365 0.518029 0.0288462 0.0264423
0 0.294471 0.534856 0.0264423 0.0889423
2 0.46274 0.5 0.03125 0.0288462
2 0.665865 0.53125 0.0480769 0.0288462
9 0.341346 0.442308 0.0192308 0.0288462
2 0.59375 0.515625 0.0336538 0.0216346
2 0.567308 0.512019 0.0240385 0.0192308
2 0.584135 0.513221 0.0240385 0.0216346
2 0.641827 0.53125 0.0432692 0.0384615
9 0.949519 0.444712 0.0240385 0.0336538
0 0.94351 0.533654 0.03125 0.0961538
0 0.810096 0.651442 0.0721154 0.1875
2 0.425481 0.539663 0.0625 0.0552885
0 0.110577 0.588942 0.0480769 0.139423
