9 0.496394 0.495192 0.0168269 0.0144231
2 0.603365 0.520433 0.0288462 0.03125
2 0.567308 0.510817 0.0240385 0.0168269
9 0.30649 0.472356 0.0120192 0.0168269
0 0.263221 0.53125 0.0216346 0.0625
9 0.342548 0.44351 0.0216346 0.0264423
2 0.584135 0.514423 0.0288462 0.0240385
2 0.592548 0.518029 0.0360577 0.0264423
2 0.635817 0.527644 0.0456731 0.0360577
0 0.942308 0.533654 0.0288462 0.0961538
2 0.701923 0.540865 0.0673077 0.0384615
2 0.653846 0.53125 0.0625 0.0384615
0 0.155048 0.542067 0.03125 0.0793269
9 0.949519 0.445913 0.0240385 0.0360577
2 0.425481 0.538462 0.0625 0.0528846
