2 0.673077 0.534856 0.110577 0.0408654
9 0.326923 0.486779 0.0144231 0.0168269
2 0.603365 0.520433 0.0288462 0.03125
2 0.582933 0.513221 0.0264423 0.0216346
9 0.340144 0.450721 0.0216346 0.0456731
0 0.260817 0.487981 0.0168269 0.0192308
2 0.461538 0.496394 0.0288462 0.0216346
0 0.942308 0.538462 0.0288462 0.0865385
2 0.567308 0.512019 0.0240385 0.0192308
2 0.664663 0.532452 0.0504808 0.03125
2 0.701923 0.538462 0.0576923 0.0384615
9 0.199519 0.481971 0.0144231 0.0216346
0 0.22476 0.542067 0.0216346 0.0697115
2 0.591346 0.518029 0.0336538 0.0264423
0 0.260817 0.540865 0.0216346 0.0673077
2 0.643029 0.530048 0.0456731 0.0360577
9 0.949519 0.445913 0.0240385 0.0360577
2 0.426683 0.534856 0.0649038 0.0456731
0 0.441106 0.614183 0.0745192 0.170673
2 0.100962 0.573317 0.197115 0.108173
