2 0.620192 0.512019 0.0240385 0.0192308
2 0.604567 0.509615 0.0216346 0.0144231
2 0.0961538 0.543269 0.0961538 0.0432692
9 0.921875 0.447115 0.0168269 0.0288462
0 0.991587 0.53726 0.0168269 0.0793269
2 0.5 0.495192 0.0240385 0.0192308
0 0.921875 0.524038 0.03125 0.0865385
0 0.00721154 0.581731 0.0144231 0.0961538
2 0.709135 0.532452 0.0576923 0.0360577
2 0.671875 0.524038 0.0408654 0.0288462
0 0.242788 0.536058 0.0240385 0.0721154
2 0.961538 0.742788 0.0769231 0.177885
2 0.466346 0.53125 0.0576923 0.0480769
2 0.0432692 0.772837 0.0865385 0.117788
