2 0.461538 0.495192 0.0288462 0.0192308
0 0.19351 0.545673 0.03125 0.0721154
9 0.341346 0.441106 0.0192308 0.0264423
2 0.584135 0.513221 0.0288462 0.0216346
0 0.894231 0.515625 0.0192308 0.0649038
2 0.566106 0.512019 0.0216346 0.0192308
2 0.652644 0.532452 0.0552885 0.0360577
2 0.704327 0.540865 0.0625 0.0384615
2 0.596154 0.518029 0.0384615 0.03125
9 0.949519 0.444712 0.0240385 0.0336538
0 0.944712 0.534856 0.0336538 0.0985577
2 0.637019 0.528846 0.0480769 0.0384615
0 0.0576923 0.540865 0.0384615 0.100962
0 0.283654 0.534856 0.0288462 0.09375
2 0.426683 0.540865 0.0649038 0.0528846
0 0.127404 0.56851 0.0480769 0.132212
