9 0.748798 0.496394 0.0168269 0.0168269
9 0.341346 0.441106 0.0192308 0.0264423
2 0.628606 0.526442 0.0456731 0.0336538
2 0.603365 0.520433 0.0288462 0.03125
2 0.663462 0.532452 0.0480769 0.03125
0 0.334135 0.524038 0.0240385 0.0769231
2 0.704327 0.540865 0.0625 0.0384615
2 0.567308 0.512019 0.0240385 0.0192308
0 0.94351 0.53125 0.03125 0.100962
2 0.592548 0.519231 0.0360577 0.0288462
2 0.584135 0.514423 0.0288462 0.0240385
0 0.225962 0.534856 0.0240385 0.0889423
0 0.155048 0.540865 0.03125 0.0769231
2 0.643029 0.530048 0.0456731 0.0360577
9 0.949519 0.444712 0.0240385 0.0336538
0 0.258413 0.526442 0.0264423 0.0913462
0 0.471154 0.617788 0.0576923 0.163462
2 0.424279 0.53726 0.0600962 0.0504808
2 0.0612981 0.584135 0.122596 0.0865385
