9 0.198317 0.483173 0.0168269 0.0192308
2 0.603365 0.519231 0.0288462 0.0288462
2 0.0192308 0.550481 0.0384615 0.0576923
2 0.460337 0.495192 0.0264423 0.0192308
9 0.340144 0.451923 0.0216346 0.0480769
2 0.567308 0.512019 0.0240385 0.0192308
2 0.637019 0.527644 0.0432692 0.0360577
2 0.584135 0.514423 0.0288462 0.0240385
2 0.700721 0.540865 0.0697115 0.0384615
2 0.41226 0.584135 0.0552885 0.0625
2 0.652644 0.532452 0.0600962 0.0360577
9 0.950721 0.444712 0.0264423 0.0384615
0 0.944712 0.532452 0.0336538 0.0985577
2 0.426683 0.539663 0.0649038 0.0552885
0 0.362981 0.620192 0.0913462 0.158654
2 0.247596 0.576923 0.240385 0.105769
