9 0.341346 0.44351 0.0192308 0.03125
2 0.463942 0.502404 0.0336538 0.0288462
9 0.377404 0.473558 0.00961538 0.0144231
0 0.0228365 0.555288 0.0264423 0.0432692
30 0.512019 0.758413 0.120192 0.0408654
2 0.697115 0.540865 0.0769231 0.0384615
2 0.664663 0.532452 0.0504808 0.03125
2 0.585337 0.514423 0.0264423 0.0240385
0 0.94351 0.533654 0.03125 0.0961538
2 0.567308 0.512019 0.0240385 0.0192308
0 0.123798 0.548077 0.03125 0.0625
2 0.594952 0.518029 0.0360577 0.0264423
2 0.641827 0.530048 0.0528846 0.0360577
0 0.831731 0.591346 0.0721154 0.120192
9 0.949519 0.444712 0.0240385 0.0336538
0 0.223558 0.536058 0.0240385 0.0865385
1 0.834135 0.620192 0.134615 0.0865385
2 0.427885 0.539663 0.0673077 0.0552885
0 0.513221 0.664663 0.112981 0.204327
0 0.0817308 0.602163 0.0528846 0.15625
