2 0.463942 0.501202 0.0288462 0.0264423
2 0.56851 0.514423 0.03125 0.0240385
2 0.646635 0.52524 0.0721154 0.0264423
2 0.503606 0.50601 0.0264423 0.0168269
1 0.264423 0.560096 0.0240385 0.0336538
0 0.0192308 0.551683 0.0336538 0.0552885
9 0.378606 0.467548 0.00721154 0.0120192
9 0.199519 0.480769 0.0144231 0.0240385
9 0.3125 0.473558 0.00961538 0.0144231
0 0.94351 0.534856 0.0264423 0.09375
9 0.429087 0.455529 0.0120192 0.0120192
9 0.341346 0.454327 0.0192308 0.0480769
0 0.0661058 0.521635 0.0216346 0.0721154
0 0.223558 0.536058 0.0240385 0.0865385
0 0.260817 0.536058 0.03125 0.0769231
9 0.949519 0.444712 0.0240385 0.0336538
0 0.152644 0.53726 0.03125 0.0889423
2 0.426683 0.539663 0.0649038 0.0552885
0 0.894231 0.620192 0.0625 0.163462
2 0.649038 0.586538 0.322115 0.105769
