9 0.294471 0.492788 0.0168269 0.0192308
2 0.558894 0.509615 0.0216346 0.0144231
2 0.625 0.526442 0.0480769 0.0336538
0 0.294471 0.536058 0.0264423 0.0913462
9 0.795673 0.487981 0.0144231 0.0144231
9 0.377404 0.473558 0.0144231 0.0144231
0 0.0204327 0.551683 0.0360577 0.0552885
9 0.341346 0.442308 0.0192308 0.0288462
2 0.665865 0.53125 0.0480769 0.0288462
2 0.707933 0.539663 0.0456731 0.03125
0 0.133413 0.536058 0.03125 0.0961538
2 0.461538 0.495192 0.0288462 0.0192308
2 0.584135 0.514423 0.0288462 0.0240385
2 0.566106 0.510817 0.0216346 0.0168269
2 0.59375 0.518029 0.0336538 0.0264423
2 0.641827 0.528846 0.0480769 0.0336538
9 0.948317 0.444712 0.0216346 0.0336538
0 0.942308 0.533654 0.0336538 0.0961538
2 0.426683 0.539663 0.0649038 0.0504808
0 0.104567 0.590144 0.0504808 0.141827
0 0.727163 0.661058 0.0841346 0.182692
