0 0.334135 0.52524 0.0192308 0.0697115
2 0.558894 0.510817 0.0216346 0.0168269
0 0.94351 0.533654 0.03125 0.0961538
0 0.0204327 0.550481 0.0360577 0.0576923
2 0.461538 0.496394 0.0288462 0.0216346
9 0.341346 0.441106 0.0192308 0.0264423
2 0.663462 0.532452 0.0528846 0.0360577
2 0.567308 0.512019 0.0240385 0.0192308
9 0.328125 0.479567 0.0120192 0.0264423
2 0.584135 0.514423 0.0288462 0.0240385
2 0.59375 0.519231 0.0384615 0.0288462
0 0.225962 0.534856 0.0288462 0.0889423
2 0.644231 0.530048 0.0576923 0.0360577
9 0.949519 0.444712 0.0240385 0.0384615
0 0.252404 0.527644 0.0288462 0.09375
0 0.182692 0.528846 0.0288462 0.0913462
0 0.155048 0.536058 0.03125 0.0913462
0 0.53726 0.617788 0.0552885 0.163462
2 0.427885 0.539663 0.0673077 0.0552885
