9 0.519231 0.491587 0.0144231 0.0168269
9 0.199519 0.481971 0.0144231 0.0216346
2 0.664663 0.53125 0.0456731 0.0288462
2 0.461538 0.495192 0.0240385 0.0192308
2 0.603365 0.519231 0.0288462 0.0288462
9 0.342548 0.442308 0.0216346 0.0288462
2 0.567308 0.510817 0.0240385 0.0168269
2 0.59375 0.516827 0.0336538 0.0240385
2 0.582933 0.514423 0.0264423 0.0240385
0 0.22476 0.534856 0.0264423 0.0841346
2 0.697115 0.539663 0.0769231 0.0408654
2 0.643029 0.530048 0.0456731 0.0360577
9 0.949519 0.444712 0.0240385 0.0336538
0 0.942308 0.534856 0.0288462 0.09375
0 0.31851 0.53726 0.0264423 0.0793269
0 0.259615 0.52524 0.0240385 0.0793269
0 0.153846 0.544471 0.0288462 0.0697115
2 0.03125 0.590144 0.0625 0.0697115
2 0.425481 0.538462 0.0625 0.0528846
