0 0.0192308 0.551683 0.0384615 0.0552885
9 0.341346 0.442308 0.0192308 0.0288462
2 0.567308 0.510817 0.0240385 0.0168269
0 0.134615 0.533654 0.0336538 0.0865385
2 0.582933 0.513221 0.0264423 0.0216346
2 0.461538 0.496394 0.0288462 0.0216346
9 0.950721 0.44351 0.0264423 0.0360577
2 0.641827 0.526442 0.0480769 0.0288462
0 0.960337 0.588942 0.0745192 0.105769
0 0.219952 0.534856 0.0264423 0.09375
9 0.948317 0.483173 0.0168269 0.0192308
1 0.953125 0.617788 0.09375 0.0865385
0 0.0949519 0.594952 0.0504808 0.146635
2 0.426683 0.539663 0.0649038 0.0552885
0 0.639423 0.658654 0.125 0.197115
