2 0.674279 0.532452 0.0360577 0.03125
2 0.49399 0.501202 0.0264423 0.0264423
9 0.548077 0.486779 0.00961538 0.0168269
2 0.588942 0.509615 0.0240385 0.0144231
0 0.00841346 0.585337 0.0168269 0.09375
0 0.216346 0.510817 0.0192308 0.0745192
9 0.391827 0.451923 0.0144231 0.0192308
2 0.705529 0.534856 0.0600962 0.0360577
0 0.371394 0.520433 0.0264423 0.0697115
2 0.663462 0.527644 0.0480769 0.03125
0 0.237981 0.526442 0.0288462 0.0865385
2 0.461538 0.532452 0.0625 0.0456731
2 0.0504808 0.759615 0.100962 0.139423
2 0.945913 0.736779 0.108173 0.185096
