2 0.603365 0.519231 0.0288462 0.0288462
2 0.461538 0.496394 0.0288462 0.0216346
2 0.697115 0.539663 0.0721154 0.0408654
2 0.664663 0.532452 0.0504808 0.03125
9 0.341346 0.442308 0.0192308 0.0288462
2 0.567308 0.512019 0.0240385 0.0192308
2 0.582933 0.514423 0.0264423 0.0240385
2 0.645433 0.530048 0.0504808 0.0360577
9 0.950721 0.444712 0.0264423 0.0384615
0 0.944712 0.533654 0.0336538 0.0961538
0 0.28125 0.534856 0.0288462 0.09375
0 0.975962 0.655048 0.0480769 0.15625
0 0.0612981 0.540865 0.03125 0.0913462
0 0.125 0.570913 0.0480769 0.127404
2 0.427885 0.539663 0.0673077 0.0552885
