2 0.461538 0.496394 0.0288462 0.0216346
9 0.311298 0.473558 0.0120192 0.0144231
0 0.0192308 0.550481 0.0384615 0.0576923
9 0.252404 0.477163 0.0192308 0.0168269
9 0.572115 0.491587 0.00961538 0.0168269
2 0.602163 0.520433 0.0504808 0.03125
9 0.198317 0.484375 0.0168269 0.0168269
2 0.676683 0.536058 0.0889423 0.0384615
2 0.501202 0.507212 0.03125 0.0192308
9 0.830529 0.492788 0.0168269 0.0144231
9 0.225962 0.489183 0.0144231 0.0120192
2 0.637019 0.527644 0.0432692 0.0360577
2 0.703125 0.540865 0.0649038 0.0384615
9 0.949519 0.444712 0.0240385 0.0336538
9 0.341346 0.454327 0.0240385 0.0480769
0 0.569712 0.536058 0.0336538 0.0721154
2 0.653846 0.532452 0.0576923 0.0360577
0 0.153846 0.544471 0.0288462 0.0745192
2 0.427885 0.534856 0.0625 0.0504808
0 0.961538 0.625 0.0576923 0.149038
2 0.36899 0.585337 0.329327 0.103365
