9 0.22476 0.498798 0.0120192 0.0168269
0 0.292067 0.540865 0.0216346 0.0721154
2 0.673077 0.536058 0.115385 0.0384615
0 0.0204327 0.551683 0.0360577 0.0552885
2 0.460337 0.495192 0.0264423 0.0192308
9 0.341346 0.442308 0.0192308 0.0288462
2 0.663462 0.532452 0.0528846 0.03125
2 0.584135 0.513221 0.0288462 0.0216346
0 0.897837 0.528846 0.03125 0.0865385
9 0.295673 0.491587 0.0192308 0.0168269
2 0.704327 0.540865 0.0625 0.0384615
2 0.567308 0.509615 0.0240385 0.0192308
2 0.594952 0.515625 0.0360577 0.0264423
9 0.199519 0.481971 0.0144231 0.0264423
0 0.217548 0.579327 0.0841346 0.129808
0 0.94351 0.532452 0.03125 0.0985577
2 0.644231 0.53125 0.0528846 0.0384615
9 0.948317 0.444712 0.0216346 0.0336538
2 0.426683 0.538462 0.0649038 0.0480769
1 0.227163 0.616587 0.146635 0.0889423
0 0.121394 0.612981 0.0552885 0.158654
