24 0.508413 0.555288 0.0408654 0.0480769
9 0.325721 0.486779 0.0120192 0.0168269
9 0.340144 0.441106 0.0168269 0.0264423
9 0.379808 0.472356 0.00961538 0.0168269
2 0.694712 0.538462 0.0769231 0.0384615
2 0.566106 0.512019 0.0264423 0.0192308
2 0.584135 0.514423 0.0288462 0.0240385
9 0.295673 0.491587 0.0144231 0.0168269
9 0.223558 0.492788 0.0144231 0.0144231
2 0.461538 0.496394 0.0288462 0.0216346
2 0.665865 0.532452 0.0480769 0.03125
2 0.59375 0.516827 0.0384615 0.0288462
9 0.199519 0.483173 0.0144231 0.0192308
0 0.533654 0.582933 0.0817308 0.122596
2 0.641827 0.530048 0.0528846 0.0360577
9 0.949519 0.445913 0.0240385 0.0360577
0 0.942308 0.532452 0.0336538 0.0985577
0 0.139423 0.544471 0.0288462 0.0697115
0 0.223558 0.679087 0.115385 0.21875
0 0.0805288 0.609375 0.0552885 0.165865
2 0.426683 0.539663 0.0649038 0.0552885
1 0.540865 0.61899 0.153846 0.0889423
