9 0.379808 0.46875 0.00961538 0.0144231
2 0.502404 0.503606 0.0288462 0.0168269
0 0.0228365 0.554087 0.03125 0.0456731
2 0.604567 0.519231 0.03125 0.0288462
2 0.461538 0.495192 0.0240385 0.0192308
9 0.340144 0.442308 0.0168269 0.0240385
9 0.294471 0.490385 0.0120192 0.0144231
9 0.22476 0.489183 0.0120192 0.0120192
0 0.94351 0.532452 0.03125 0.0985577
2 0.582933 0.514423 0.0264423 0.0240385
9 0.199519 0.484375 0.0192308 0.0168269
2 0.700721 0.539663 0.0745192 0.0408654
2 0.652644 0.532452 0.0600962 0.0360577
9 0.949519 0.445913 0.0240385 0.0360577
0 0.980769 0.622596 0.0384615 0.153846
2 0.427885 0.538462 0.0625 0.0528846
2 0.204327 0.582933 0.341346 0.103365
