2 0.627404 0.526442 0.0480769 0.0336538
9 0.686298 0.454327 0.0120192 0.0144231
0 0.480769 0.53125 0.0336538 0.0817308
2 0.663462 0.532452 0.0480769 0.03125
0 0.263221 0.518029 0.0216346 0.0889423
0 0.225962 0.536058 0.0240385 0.0865385
2 0.581731 0.514423 0.0288462 0.0240385
2 0.567308 0.512019 0.0240385 0.0192308
2 0.594952 0.516827 0.0360577 0.0288462
9 0.341346 0.441106 0.0192308 0.0264423
2 0.700721 0.540865 0.0649038 0.0384615
2 0.645433 0.530048 0.0456731 0.0360577
0 0.153846 0.540865 0.0288462 0.0817308
5 0.948317 0.522837 0.103365 0.194712
2 0.425481 0.538462 0.0625 0.0528846
