2 0.411058 0.513221 0.0769231 0.0408654
26 0.651442 0.634615 0.0288462 0.0384615
58 0.260817 0.533654 0.0456731 0.0480769
0 0.561298 0.558894 0.0408654 0.09375
7 0.66226 0.473558 0.228365 0.168269
2 0.858173 0.539663 0.105769 0.0456731
1 0.59375 0.575721 0.0384615 0.0600962
0 0.629808 0.59976 0.0480769 0.141827
0 0.262019 0.588942 0.0480769 0.149038
12 0.168269 0.65024 0.0432692 0.112981
0 0.334135 0.576923 0.0673077 0.134615
0 0.514423 0.605769 0.0528846 0.168269
10 0.405048 0.758413 0.0745192 0.132212
