2 0.588942 0.507212 0.0288462 0.0144231
2 0.653846 0.530048 0.0528846 0.03125
9 0.313702 0.477163 0.0168269 0.0168269
2 0.510817 0.50601 0.0264423 0.0168269
0 0.00721154 0.579327 0.0144231 0.0961538
9 0.371394 0.450721 0.0168269 0.0216346
9 0.876202 0.451923 0.0168269 0.0288462
9 0.742788 0.489183 0.00961538 0.0120192
0 0.548077 0.534856 0.0192308 0.0504808
9 0.288462 0.480769 0.0144231 0.0144231
2 0.473558 0.501202 0.0288462 0.0264423
2 0.676683 0.534856 0.0600962 0.0360577
0 0.219952 0.53726 0.0216346 0.0600962
2 0.638221 0.526442 0.0456731 0.0288462
2 0.4375 0.532452 0.0576923 0.0456731
2 0.915865 0.703125 0.168269 0.242788
2 0.0576923 0.745192 0.115385 0.173077
