2 0.610577 0.50601 0.0240385 0.0168269
9 0.49399 0.489183 0.0168269 0.0168269
2 0.707933 0.524038 0.0408654 0.0288462
2 0.68149 0.519231 0.0264423 0.0288462
0 0.235577 0.530048 0.0288462 0.0793269
9 0.983173 0.490385 0.0192308 0.0192308
2 0.0697115 0.544471 0.0961538 0.0504808
9 0.694712 0.489183 0.0144231 0.0168269
0 0.317308 0.519231 0.0240385 0.0721154
2 0.0120192 0.543269 0.0240385 0.0384615
9 0.40625 0.442308 0.0288462 0.0288462
0 0.292067 0.521635 0.0216346 0.0721154
2 0.61899 0.508413 0.03125 0.0216346
2 0.63101 0.508413 0.03125 0.0168269
9 0.984375 0.451923 0.03125 0.0625
0 0.980769 0.53125 0.0288462 0.0865385
2 0.739183 0.534856 0.0745192 0.0408654
2 0.483173 0.532452 0.0528846 0.0504808
