9 0.341346 0.441106 0.0144231 0.0216346
9 0.653846 0.49399 0.0144231 0.0168269
0 0.0204327 0.549279 0.0360577 0.0600962
2 0.504808 0.50601 0.0288462 0.0168269
2 0.461538 0.495192 0.0288462 0.0192308
2 0.567308 0.510817 0.0240385 0.0168269
2 0.584135 0.515625 0.0240385 0.0216346
0 0.222356 0.540865 0.0264423 0.0721154
0 0.945913 0.53125 0.0264423 0.100962
9 0.950721 0.444712 0.0264423 0.0336538
0 0.153846 0.542067 0.0288462 0.0745192
2 0.425481 0.539663 0.0625 0.0552885
0 0.739183 0.61899 0.0793269 0.15625
