2 0.503606 0.50601 0.03125 0.0168269
0 0.0204327 0.551683 0.0360577 0.0552885
0 0.292067 0.53726 0.0264423 0.0841346
0 0.209135 0.540865 0.0240385 0.0769231
9 0.376202 0.473558 0.0120192 0.0144231
2 0.463942 0.501202 0.0336538 0.03125
9 0.341346 0.441106 0.0192308 0.0264423
2 0.665865 0.53125 0.0480769 0.0288462
2 0.567308 0.512019 0.0240385 0.0192308
2 0.592548 0.516827 0.0360577 0.0288462
2 0.706731 0.540865 0.0625 0.0384615
9 0.949519 0.444712 0.0240385 0.0336538
2 0.584135 0.513221 0.0288462 0.0264423
2 0.643029 0.530048 0.0456731 0.0360577
0 0.0877404 0.538462 0.03125 0.105769
0 0.944712 0.533654 0.0336538 0.0961538
0 0.111779 0.581731 0.0552885 0.134615
0 0.855769 0.653846 0.0961538 0.177885
2 0.426683 0.538462 0.0649038 0.0528846
