9 0.528846 0.489183 0.0144231 0.0168269
2 0.63101 0.508413 0.03125 0.0168269
9 0.338942 0.473558 0.00961538 0.0144231
9 0.485577 0.490385 0.0144231 0.0192308
9 0.685096 0.491587 0.0144231 0.0168269
2 0.709135 0.528846 0.0336538 0.0288462
9 0.980769 0.489183 0.0192308 0.0216346
9 0.983173 0.44351 0.0288462 0.0408654
9 0.40024 0.442308 0.0216346 0.0288462
0 0.979567 0.532452 0.03125 0.0889423
2 0.742788 0.53726 0.0721154 0.0408654
2 0.478365 0.534856 0.0576923 0.0504808
0 0.229567 0.536058 0.0264423 0.0673077
