2 0.582933 0.513221 0.03125 0.0216346
2 0.567308 0.509615 0.0288462 0.0192308
9 0.199519 0.481971 0.0144231 0.0216346
2 0.698317 0.538462 0.0793269 0.0384615
9 0.341346 0.447115 0.0192308 0.0336538
0 0.0204327 0.550481 0.0360577 0.0576923
0 0.225962 0.545673 0.0192308 0.0625
9 0.950721 0.44351 0.0264423 0.0360577
2 0.655048 0.530048 0.0649038 0.0360577
0 0.155048 0.539663 0.03125 0.0793269
0 0.94351 0.53125 0.03125 0.100962
0 0.302885 0.616587 0.0673077 0.161058
2 0.496394 0.579327 0.305288 0.110577
