9 0.295673 0.491587 0.0192308 0.0168269
9 0.342548 0.44351 0.0216346 0.03125
9 0.376202 0.47476 0.0120192 0.0120192
2 0.665865 0.528846 0.0432692 0.0240385
0 0.0204327 0.551683 0.0360577 0.0552885
0 0.942308 0.542067 0.0288462 0.0841346
2 0.566106 0.510817 0.0216346 0.0168269
0 0.21875 0.538462 0.0240385 0.0817308
0 0.979567 0.591346 0.0408654 0.115385
2 0.46274 0.495192 0.0264423 0.0192308
2 0.584135 0.513221 0.0240385 0.0216346
2 0.641827 0.528846 0.0480769 0.0336538
0 0.135817 0.53125 0.03125 0.0865385
9 0.949519 0.445913 0.0240385 0.0360577
1 0.96875 0.626202 0.0625 0.0745192
2 0.426683 0.538462 0.0600962 0.0528846
0 0.0985577 0.59375 0.0528846 0.144231
0 0.663462 0.658654 0.105769 0.192308
