9 0.544471 0.487981 0.0120192 0.0144231
9 0.485577 0.490385 0.0144231 0.0192308
2 0.622596 0.508413 0.0192308 0.0168269
2 0.694712 0.52524 0.0384615 0.0264423
9 0.746394 0.490385 0.0168269 0.0144231
9 0.293269 0.480769 0.0144231 0.0240385
9 0.414663 0.447115 0.0168269 0.0192308
2 0.74399 0.538462 0.0697115 0.0384615
9 0.257212 0.481971 0.0144231 0.0216346
2 0.707933 0.527644 0.0360577 0.0264423
0 0.353365 0.53125 0.0192308 0.0528846
0 0.96875 0.526442 0.0240385 0.0865385
9 0.966346 0.44351 0.0240385 0.03125
0 0.259615 0.527644 0.0288462 0.0793269
2 0.489183 0.533654 0.0552885 0.0480769
