9 0.379808 0.469952 0.00961538 0.0120192
2 0.602163 0.520433 0.0456731 0.03125
2 0.566106 0.512019 0.0264423 0.0192308
2 0.663462 0.532452 0.0480769 0.03125
2 0.461538 0.495192 0.0288462 0.0192308
2 0.584135 0.515625 0.0288462 0.0216346
9 0.341346 0.442308 0.0192308 0.0240385
0 0.262019 0.53125 0.0192308 0.0721154
2 0.701923 0.540865 0.0673077 0.0384615
0 0.942308 0.533654 0.0288462 0.0961538
2 0.644231 0.530048 0.0480769 0.0360577
9 0.949519 0.445913 0.0240385 0.0360577
0 0.152644 0.544471 0.03125 0.0697115
2 0.425481 0.538462 0.0625 0.0528846
