2 0.46274 0.495192 0.0264423 0.0192308
2 0.620192 0.521635 0.0336538 0.0288462
9 0.199519 0.481971 0.0144231 0.0216346
2 0.502404 0.504808 0.0288462 0.0192308
9 0.225962 0.485577 0.00961538 0.0144231
2 0.604567 0.519231 0.03125 0.0288462
9 0.341346 0.445913 0.0192308 0.03125
2 0.592548 0.518029 0.0360577 0.0264423
2 0.637019 0.527644 0.0432692 0.0360577
0 0.944712 0.53125 0.0336538 0.100962
2 0.700721 0.539663 0.0745192 0.0408654
2 0.652644 0.532452 0.0600962 0.0360577
0 0.557692 0.528846 0.0288462 0.0817308
9 0.949519 0.444712 0.0240385 0.0336538
2 0.426683 0.536058 0.0649038 0.0480769
0 0.981971 0.623798 0.0360577 0.151442
2 0.259615 0.585337 0.336538 0.103365
