9 0.795673 0.492788 0.0144231 0.0192308
9 0.526442 0.491587 0.0144231 0.0120192
0 0.528846 0.534856 0.0192308 0.0552885
2 0.46274 0.495192 0.0264423 0.0192308
9 0.308894 0.49399 0.0168269 0.0168269
9 0.257212 0.481971 0.0144231 0.0168269
0 0.22476 0.53726 0.0216346 0.0841346
9 0.199519 0.481971 0.0144231 0.0216346
2 0.567308 0.510817 0.0240385 0.0168269
2 0.584135 0.514423 0.0240385 0.0240385
2 0.59375 0.518029 0.0336538 0.0264423
2 0.701923 0.540865 0.0721154 0.0384615
9 0.342548 0.454327 0.0264423 0.0480769
2 0.635817 0.528846 0.0456731 0.0384615
0 0.258413 0.524038 0.0216346 0.0769231
0 0.316106 0.539663 0.0264423 0.0697115
2 0.653846 0.532452 0.0625 0.0360577
0 0.942308 0.533654 0.0336538 0.0961538
9 0.949519 0.444712 0.0240385 0.0336538
0 0.152644 0.538462 0.03125 0.0865385
2 0.425481 0.538462 0.0625 0.0528846
2 0.0576923 0.591346 0.115385 0.0817308
