9 0.221154 0.498798 0.0192308 0.0216346
0 0.293269 0.534856 0.0240385 0.09375
0 0.0252404 0.55649 0.0216346 0.0408654
9 0.795673 0.486779 0.0144231 0.0168269
9 0.721154 0.467548 0.0144231 0.0168269
9 0.378606 0.471154 0.0120192 0.0144231
9 0.341346 0.442308 0.0192308 0.0288462
9 0.199519 0.481971 0.0144231 0.0216346
2 0.463942 0.501202 0.0336538 0.03125
2 0.584135 0.513221 0.0288462 0.0216346
2 0.594952 0.518029 0.0360577 0.0264423
2 0.566106 0.512019 0.0216346 0.0192308
2 0.653846 0.53125 0.0528846 0.0336538
2 0.707933 0.540865 0.0552885 0.0384615
0 0.223558 0.539663 0.0240385 0.0793269
0 0.128606 0.545673 0.0360577 0.0673077
0 0.796875 0.590144 0.0793269 0.117788
2 0.637019 0.527644 0.0432692 0.0360577
9 0.949519 0.445913 0.0240385 0.0360577
0 0.942308 0.539663 0.0288462 0.0841346
2 0.426683 0.53726 0.0649038 0.0504808
0 0.486779 0.667067 0.0889423 0.204327
1 0.795673 0.620192 0.134615 0.0913462
0 0.0793269 0.605769 0.0528846 0.149038
