0 0.99399 0.546875 0.0120192 0.0552885
2 0.643029 0.530048 0.0600962 0.03125
0 0.550481 0.53125 0.0192308 0.0528846
9 0.549279 0.487981 0.0120192 0.0144231
0 0.855769 0.536058 0.0192308 0.0528846
9 0.915865 0.491587 0.0144231 0.0168269
0 0.300481 0.536058 0.0240385 0.0432692
9 0.852163 0.456731 0.0168269 0.0336538
2 0.460337 0.5 0.0264423 0.0240385
0 0.0120192 0.570913 0.0240385 0.103365
2 0.661058 0.534856 0.0528846 0.0360577
0 0.97476 0.536058 0.0264423 0.0865385
0 0.21274 0.532452 0.0264423 0.0649038
2 0.621394 0.527644 0.0504808 0.03125
2 0.429087 0.533654 0.0552885 0.0432692
2 0.0685096 0.72476 0.137019 0.199519
2 0.890625 0.699519 0.213942 0.259615
