9 0.341346 0.441106 0.0192308 0.0264423
2 0.581731 0.513221 0.0336538 0.0216346
2 0.622596 0.524038 0.0528846 0.0336538
77 0.259615 0.615385 0.0625 0.0721154
9 0.199519 0.480769 0.0144231 0.0240385
2 0.46274 0.502404 0.0360577 0.0288462
2 0.604567 0.520433 0.03125 0.03125
0 0.223558 0.536058 0.0240385 0.0865385
2 0.566106 0.510817 0.0264423 0.0168269
2 0.664663 0.534856 0.0504808 0.0360577
9 0.378606 0.473558 0.0120192 0.0144231
2 0.694712 0.539663 0.0769231 0.0408654
0 0.566106 0.581731 0.0889423 0.115385
2 0.644231 0.530048 0.0576923 0.0360577
0 0.942308 0.533654 0.0336538 0.0961538
9 0.949519 0.445913 0.0240385 0.0360577
0 0.140625 0.540865 0.03125 0.0769231
0 0.0769231 0.608173 0.0528846 0.163462
2 0.427885 0.539663 0.0673077 0.0552885
0 0.259615 0.680288 0.125 0.201923
1 0.576923 0.61899 0.153846 0.09375
