2 0.604567 0.524038 0.0264423 0.0288462
2 0.676683 0.536058 0.0889423 0.0384615
9 0.741587 0.49399 0.0120192 0.0120192
0 0.245192 0.532452 0.0480769 0.0841346
9 0.391827 0.472356 0.0144231 0.0120192
2 0.560096 0.510817 0.0240385 0.0168269
0 0.15625 0.534856 0.0288462 0.0889423
2 0.664663 0.53125 0.0504808 0.0288462
2 0.461538 0.496394 0.0288462 0.0216346
9 0.341346 0.441106 0.0192308 0.0264423
2 0.566106 0.513221 0.0264423 0.0216346
0 0.22476 0.536058 0.0216346 0.0817308
2 0.703125 0.540865 0.0600962 0.0384615
2 0.584135 0.514423 0.0288462 0.0240385
2 0.592548 0.519231 0.0360577 0.0288462
9 0.949519 0.445913 0.0240385 0.0360577
2 0.641827 0.530048 0.0528846 0.0360577
0 0.332933 0.521635 0.0264423 0.0817308
0 0.94351 0.53125 0.03125 0.100962
0 0.257212 0.528846 0.0240385 0.0865385
2 0.425481 0.53726 0.0625 0.0504808
0 0.491587 0.617788 0.0697115 0.163462
2 0.0432692 0.586538 0.0865385 0.0769231
