2 0.591346 0.513221 0.0336538 0.0216346
0 0.0180288 0.552885 0.03125 0.0528846
9 0.313702 0.472356 0.0120192 0.0120192
2 0.461538 0.495192 0.0240385 0.0192308
9 0.610577 0.491587 0.0144231 0.0168269
2 0.503606 0.504808 0.0264423 0.0192308
9 0.199519 0.480769 0.0144231 0.0240385
9 0.252404 0.486779 0.0192308 0.0216346
2 0.850962 0.615385 0.0865385 0.163462
2 0.567308 0.510817 0.0240385 0.0168269
9 0.341346 0.44351 0.0144231 0.0264423
0 0.94351 0.533654 0.03125 0.0961538
9 0.949519 0.445913 0.0240385 0.0360577
2 0.655048 0.533654 0.0745192 0.0384615
0 0.152644 0.542067 0.03125 0.0793269
2 0.816106 0.590144 0.319712 0.103365
0 0.855769 0.620192 0.0769231 0.163462
2 0.427885 0.538462 0.0625 0.0528846
