9 0.352163 0.469952 0.0120192 0.0216346
9 0.15625 0.49399 0.0192308 0.0168269
2 0.504808 0.503606 0.0288462 0.0168269
9 0.199519 0.481971 0.0144231 0.0216346
2 0.567308 0.510817 0.0240385 0.0168269
2 0.663462 0.53125 0.0480769 0.0288462
9 0.798077 0.492788 0.0144231 0.0192308
2 0.585337 0.514423 0.0264423 0.0240385
9 0.533654 0.49399 0.0144231 0.0168269
9 0.341346 0.44351 0.0192308 0.03125
2 0.697115 0.538462 0.0769231 0.0384615
0 0.942308 0.532452 0.0288462 0.0985577
0 0.152644 0.536058 0.03125 0.0865385
2 0.644231 0.530048 0.0480769 0.0360577
0 0.311298 0.538462 0.03125 0.0769231
9 0.949519 0.444712 0.0240385 0.0336538
0 0.259615 0.52524 0.0240385 0.0745192
2 0.426683 0.538462 0.0649038 0.0528846
2 0.0805288 0.582933 0.161058 0.103365
