9 0.313702 0.472356 0.0120192 0.0168269
2 0.591346 0.515625 0.0336538 0.0216346
9 0.796875 0.490385 0.0120192 0.0144231
9 0.0444712 0.486779 0.0168269 0.0168269
9 0.621394 0.491587 0.0120192 0.0168269
0 0.0192308 0.549279 0.0336538 0.0600962
9 0.341346 0.44351 0.0144231 0.0264423
0 0.241587 0.530048 0.0360577 0.0889423
2 0.582933 0.512019 0.0264423 0.0192308
2 0.826923 0.564904 0.0384615 0.0432692
2 0.503606 0.504808 0.0264423 0.0192308
2 0.461538 0.495192 0.0288462 0.0192308
9 0.199519 0.481971 0.0144231 0.0216346
2 0.566106 0.510817 0.0216346 0.0168269
9 0.341346 0.454327 0.0192308 0.0480769
2 0.703125 0.540865 0.0649038 0.0384615
9 0.945913 0.481971 0.0168269 0.0216346
2 0.657452 0.532452 0.0600962 0.0360577
9 0.949519 0.447115 0.0240385 0.0384615
0 0.153846 0.536058 0.0336538 0.0913462
0 0.826923 0.623798 0.0576923 0.151442
2 0.426683 0.538462 0.0649038 0.0528846
2 0.917067 0.590144 0.165865 0.0985577
