2 0.603365 0.520433 0.0288462 0.0264423
2 0.46274 0.496394 0.0264423 0.0216346
2 0.582933 0.514423 0.0264423 0.0192308
9 0.342548 0.441106 0.0168269 0.0216346
2 0.592548 0.516827 0.03125 0.0240385
2 0.697115 0.534856 0.0625 0.03125
2 0.566106 0.510817 0.0216346 0.0168269
0 0.247596 0.522837 0.0336538 0.09375
9 0.663462 0.491587 0.0144231 0.0168269
2 0.644231 0.530048 0.0480769 0.0360577
0 0.942308 0.542067 0.0288462 0.0793269
0 0.155048 0.539663 0.03125 0.0841346
9 0.949519 0.445913 0.0240385 0.0360577
0 0.703125 0.61899 0.0552885 0.161058
2 0.425481 0.538462 0.0625 0.0528846
