2 0.496394 0.49399 0.0264423 0.0216346
9 0.774038 0.466346 0.0144231 0.0192308
0 0.350962 0.53125 0.0144231 0.0432692
9 0.649038 0.491587 0.0144231 0.0168269
9 0.971154 0.491587 0.0192308 0.0216346
9 0.350962 0.480769 0.0144231 0.0192308
2 0.0805288 0.550481 0.0264423 0.0432692
0 0.296875 0.533654 0.0264423 0.0576923
9 0.382212 0.44351 0.0192308 0.0264423
2 0.680288 0.528846 0.0576923 0.0336538
0 0.206731 0.53726 0.0240385 0.0745192
2 0.727163 0.539663 0.0745192 0.0408654
9 0.972356 0.445913 0.0264423 0.0408654
2 0.46274 0.536058 0.0600962 0.0528846
0 0.969952 0.534856 0.0264423 0.0841346
5 0.0384615 0.514423 0.0769231 0.182692
