9 0.379808 0.467548 0.00961538 0.0120192
9 0.200721 0.481971 0.0168269 0.0216346
2 0.461538 0.495192 0.0288462 0.0192308
9 0.341346 0.44351 0.0192308 0.0264423
2 0.567308 0.512019 0.0240385 0.0192308
2 0.602163 0.518029 0.0264423 0.0264423
0 0.942308 0.532452 0.0336538 0.0985577
0 0.539663 0.534856 0.0264423 0.0600962
2 0.663462 0.532452 0.0480769 0.03125
2 0.584135 0.513221 0.0240385 0.0216346
9 0.155048 0.487981 0.0168269 0.0192308
9 0.126202 0.481971 0.0168269 0.0216346
2 0.59375 0.515625 0.0336538 0.0216346
2 0.502404 0.504808 0.0288462 0.0192308
9 0.798077 0.492788 0.0144231 0.0192308
0 0.223558 0.538462 0.0240385 0.0865385
2 0.701923 0.540865 0.0673077 0.0384615
2 0.643029 0.530048 0.0456731 0.0360577
0 0.308894 0.536058 0.0264423 0.0769231
9 0.949519 0.445913 0.0240385 0.0360577
0 0.258413 0.522837 0.0216346 0.0841346
2 0.426683 0.538462 0.0649038 0.0528846
2 0.109375 0.581731 0.213942 0.105769
