9 0.280048 0.483173 0.0168269 0.0144231
0 0.22476 0.552885 0.0168269 0.0480769
9 0.199519 0.483173 0.0144231 0.0192308
0 0.0192308 0.551683 0.0336538 0.0552885
9 0.341346 0.442308 0.0192308 0.0288462
2 0.645433 0.527644 0.0649038 0.0360577
2 0.698317 0.539663 0.0841346 0.0408654
0 0.942308 0.532452 0.0336538 0.0985577
9 0.949519 0.444712 0.0240385 0.0336538
0 0.153846 0.544471 0.0288462 0.0697115
2 0.425481 0.539663 0.0625 0.0504808
0 0.28726 0.612981 0.0745192 0.163462
2 0.582933 0.581731 0.300481 0.110577
