0 0.292067 0.536058 0.03125 0.0913462
9 0.795673 0.485577 0.0144231 0.0144231
2 0.558894 0.509615 0.0264423 0.0144231
0 0.0204327 0.550481 0.0360577 0.0576923
9 0.341346 0.441106 0.0192308 0.0264423
2 0.46274 0.495192 0.0264423 0.0192308
2 0.664663 0.532452 0.0504808 0.03125
0 0.152644 0.53125 0.03125 0.100962
2 0.582933 0.512019 0.0264423 0.0192308
2 0.59375 0.514423 0.0336538 0.0240385
2 0.567308 0.510817 0.0240385 0.0168269
2 0.704327 0.540865 0.0673077 0.0384615
9 0.950721 0.447115 0.0216346 0.0384615
2 0.643029 0.53125 0.0504808 0.0384615
1 0.0204327 0.625 0.0408654 0.0576923
0 0.223558 0.533654 0.0288462 0.0865385
9 0.948317 0.481971 0.0168269 0.0216346
0 0.188702 0.612981 0.0504808 0.163462
2 0.425481 0.539663 0.0625 0.0504808
2 0.888221 0.582933 0.223558 0.108173
