0 0.0889423 0.516827 0.0240385 0.0721154
9 0.199519 0.481971 0.0144231 0.0264423
2 0.663462 0.532452 0.0480769 0.03125
0 0.0192308 0.551683 0.0384615 0.0552885
9 0.838942 0.490385 0.0144231 0.0192308
0 0.22476 0.542067 0.0216346 0.0745192
9 0.253606 0.481971 0.0120192 0.0168269
9 0.341346 0.445913 0.0192308 0.0360577
9 0.948317 0.487981 0.0168269 0.0192308
2 0.429087 0.52524 0.0600962 0.0264423
2 0.645433 0.530048 0.0552885 0.0360577
0 0.153846 0.543269 0.0288462 0.0769231
9 0.949519 0.444712 0.0240385 0.0336538
2 0.698317 0.540865 0.0793269 0.0432692
0 0.947115 0.61899 0.0817308 0.165865
2 0.425481 0.585337 0.326923 0.103365
