9 0.449519 0.489183 0.0144231 0.0168269
9 0.378606 0.475962 0.0120192 0.0144231
9 0.75 0.484375 0.0144231 0.0216346
9 0.405048 0.444712 0.0216346 0.0240385
2 0.628606 0.508413 0.03125 0.0168269
9 0.933894 0.444712 0.0168269 0.0288462
2 0.509615 0.49399 0.0240385 0.0216346
0 0.548077 0.528846 0.0192308 0.0480769
0 0.00600962 0.584135 0.0120192 0.0961538
0 0.936298 0.521635 0.03125 0.0865385
2 0.722356 0.533654 0.0697115 0.0384615
2 0.977163 0.754808 0.0456731 0.153846
2 0.680288 0.52524 0.0432692 0.03125
0 0.248798 0.536058 0.0216346 0.0576923
2 0.477163 0.532452 0.0504808 0.0456731
2 0.0384615 0.784856 0.0769231 0.0985577
