0 0.0192308 0.550481 0.0384615 0.0625
9 0.685096 0.495192 0.0144231 0.0192308
2 0.0192308 0.550481 0.0384615 0.0576923
0 0.225962 0.536058 0.0240385 0.0865385
9 0.427885 0.454327 0.0144231 0.0144231
2 0.584135 0.513221 0.0288462 0.0216346
9 0.197115 0.484375 0.0144231 0.0216346
9 0.341346 0.44351 0.0192308 0.0264423
2 0.567308 0.510817 0.0240385 0.0168269
9 0.949519 0.445913 0.0240385 0.0360577
0 0.155048 0.53726 0.03125 0.0889423
2 0.426683 0.538462 0.0649038 0.0528846
0 0.649038 0.615385 0.0769231 0.163462
