0 0.334135 0.526442 0.0192308 0.0721154
2 0.461538 0.495192 0.0240385 0.0192308
0 0.182692 0.530048 0.0240385 0.0841346
2 0.560096 0.510817 0.0240385 0.0168269
0 0.253606 0.540865 0.0216346 0.0625
2 0.606971 0.521635 0.0456731 0.0288462
0 0.0204327 0.550481 0.0360577 0.0576923
2 0.697115 0.539663 0.0769231 0.0408654
9 0.341346 0.441106 0.0192308 0.0264423
9 0.329327 0.481971 0.0144231 0.0216346
2 0.567308 0.510817 0.0288462 0.0216346
0 0.225962 0.53726 0.0240385 0.0793269
2 0.637019 0.527644 0.0432692 0.0360577
2 0.584135 0.514423 0.0288462 0.0240385
0 0.153846 0.539663 0.0288462 0.0841346
0 0.94351 0.53125 0.03125 0.100962
9 0.949519 0.444712 0.0240385 0.0336538
2 0.655048 0.532452 0.0600962 0.0360577
0 0.52524 0.617788 0.0649038 0.163462
2 0.426683 0.539663 0.0649038 0.0552885
