9 0.782452 0.467548 0.0120192 0.0168269
2 0.582933 0.513221 0.0264423 0.0216346
9 0.307692 0.47476 0.0144231 0.0168269
0 0.0192308 0.551683 0.0384615 0.0552885
2 0.567308 0.512019 0.0240385 0.0192308
9 0.473558 0.49399 0.0144231 0.0216346
2 0.664663 0.532452 0.0456731 0.03125
9 0.736779 0.49399 0.0120192 0.0168269
2 0.59375 0.515625 0.0336538 0.0216346
9 0.34375 0.442308 0.0240385 0.0288462
2 0.694712 0.540865 0.0673077 0.0384615
0 0.262019 0.516827 0.0240385 0.0865385
0 0.22476 0.534856 0.0264423 0.0889423
2 0.643029 0.530048 0.0456731 0.0360577
0 0.155048 0.538462 0.03125 0.0865385
2 0.425481 0.53726 0.0625 0.0504808
5 0.921875 0.527644 0.15625 0.199519
