9 0.396635 0.44351 0.0240385 0.0264423
2 0.629808 0.509615 0.0240385 0.0144231
9 0.978365 0.490385 0.0192308 0.0240385
9 0.830529 0.483173 0.0120192 0.0192308
2 0.509615 0.492788 0.0240385 0.0192308
2 0.567308 0.5 0.0240385 0.0144231
9 0.675481 0.491587 0.0144231 0.0168269
2 0.705529 0.530048 0.0408654 0.03125
9 0.983173 0.44351 0.0336538 0.0408654
2 0.606971 0.508413 0.0264423 0.0168269
0 0.532452 0.532452 0.0216346 0.0793269
0 0.223558 0.532452 0.0288462 0.0841346
0 0.979567 0.530048 0.03125 0.09375
2 0.739183 0.538462 0.0697115 0.0432692
2 0.473558 0.532452 0.0576923 0.0504808
