2 0.686298 0.538462 0.0697115 0.0384615
0 0.0204327 0.550481 0.0360577 0.0576923
2 0.664663 0.53125 0.0504808 0.0288462
9 0.948317 0.490385 0.0168269 0.0192308
2 0.461538 0.495192 0.0288462 0.0192308
9 0.198317 0.483173 0.0168269 0.0192308
9 0.796875 0.486779 0.0168269 0.0168269
9 0.341346 0.441106 0.0192308 0.0264423
2 0.582933 0.513221 0.0264423 0.0216346
9 0.225962 0.486779 0.00961538 0.0168269
2 0.59375 0.515625 0.0336538 0.0216346
0 0.288462 0.545673 0.0240385 0.0673077
2 0.567308 0.512019 0.0240385 0.0192308
2 0.640625 0.530048 0.0504808 0.0360577
9 0.949519 0.445913 0.0240385 0.0360577
0 0.152644 0.536058 0.03125 0.0865385
2 0.427885 0.539663 0.0625 0.0552885
0 0.21875 0.611779 0.0769231 0.165865
2 0.840144 0.584135 0.300481 0.110577
