2 0.584135 0.513221 0.0288462 0.0216346
9 0.198317 0.481971 0.0168269 0.0216346
2 0.461538 0.495192 0.0288462 0.0192308
0 0.0204327 0.551683 0.0360577 0.0552885
9 0.341346 0.441106 0.0192308 0.0264423
2 0.564904 0.509615 0.0240385 0.0144231
0 0.320913 0.534856 0.0168269 0.0456731
0 0.286058 0.545673 0.0240385 0.0625
0 0.94351 0.532452 0.03125 0.0985577
9 0.949519 0.444712 0.0240385 0.0384615
0 0.152644 0.532452 0.03125 0.0985577
2 0.426683 0.539663 0.0649038 0.0552885
0 0.233173 0.615385 0.0721154 0.158654
2 0.753606 0.581731 0.305288 0.110577
