0 0.326923 0.528846 0.0192308 0.0673077
0 0.216346 0.539663 0.0240385 0.0793269
9 0.294471 0.490385 0.0168269 0.0192308
2 0.558894 0.510817 0.0216346 0.0168269
0 0.0192308 0.551683 0.0336538 0.0552885
9 0.878606 0.480769 0.0120192 0.0192308
2 0.603365 0.520433 0.0288462 0.03125
9 0.341346 0.442308 0.0240385 0.0288462
2 0.628606 0.526442 0.0456731 0.0336538
2 0.46274 0.502404 0.03125 0.0288462
0 0.294471 0.533654 0.0264423 0.0913462
2 0.664663 0.532452 0.0456731 0.03125
2 0.707933 0.542067 0.0600962 0.0360577
2 0.567308 0.512019 0.0240385 0.0192308
2 0.584135 0.514423 0.0288462 0.0240385
2 0.643029 0.530048 0.0408654 0.0360577
9 0.948317 0.444712 0.0216346 0.0336538
0 0.942308 0.534856 0.0336538 0.09375
0 0.777644 0.655048 0.0745192 0.185096
2 0.426683 0.539663 0.0649038 0.0552885
0 0.105769 0.586538 0.0528846 0.139423
