0 0.0204327 0.551683 0.0360577 0.0600962
2 0.703125 0.540865 0.0841346 0.0384615
9 0.223558 0.497596 0.0144231 0.0192308
9 0.199519 0.481971 0.0144231 0.0216346
2 0.461538 0.496394 0.0288462 0.0216346
9 0.341346 0.441106 0.0192308 0.0264423
9 0.282452 0.481971 0.0120192 0.0168269
9 0.950721 0.445913 0.0216346 0.0360577
0 0.153846 0.53726 0.0336538 0.0841346
0 0.94351 0.53125 0.03125 0.100962
0 0.269231 0.612981 0.0576923 0.153846
2 0.426683 0.539663 0.0649038 0.0552885
2 0.622596 0.582933 0.298077 0.108173
