9 0.340144 0.44351 0.0216346 0.03125
9 0.293269 0.492788 0.0144231 0.0144231
2 0.69351 0.538462 0.0745192 0.0384615
2 0.461538 0.495192 0.0288462 0.0192308
0 0.925481 0.53125 0.0288462 0.0913462
9 0.379808 0.471154 0.00961538 0.0144231
9 0.325721 0.486779 0.0120192 0.0168269
2 0.659856 0.532452 0.0552885 0.0360577
9 0.198317 0.481971 0.0168269 0.0216346
2 0.582933 0.514423 0.03125 0.0240385
2 0.592548 0.519231 0.0360577 0.0288462
2 0.566106 0.513221 0.0216346 0.0216346
2 0.426683 0.532452 0.0600962 0.0408654
2 0.641827 0.528846 0.0528846 0.0384615
9 0.949519 0.445913 0.0240385 0.0360577
0 0.143029 0.676683 0.108173 0.223558
0 0.456731 0.58774 0.0817308 0.132212
0 0.293269 0.538462 0.0240385 0.0817308
0 0.223558 0.542067 0.0240385 0.0697115
0 0.941106 0.53125 0.0360577 0.0961538
0 0.0817308 0.611779 0.0576923 0.161058
1 0.46274 0.61899 0.151442 0.09375
