2 0.582933 0.510817 0.0216346 0.0168269
9 0.25 0.486779 0.0144231 0.0168269
9 0.365385 0.463942 0.0240385 0.0432692
2 0.640625 0.530048 0.0408654 0.0264423
9 0.174279 0.481971 0.0168269 0.0216346
0 0.991587 0.533654 0.0168269 0.0817308
2 0.467548 0.498798 0.0264423 0.0168269
9 0.288462 0.480769 0.0144231 0.0192308
9 0.86899 0.453125 0.0216346 0.03125
2 0.671875 0.536058 0.0649038 0.0336538
2 0.626202 0.527644 0.0360577 0.03125
0 0.00961538 0.574519 0.0192308 0.0961538
0 0.217548 0.538462 0.0216346 0.0576923
2 0.436298 0.532452 0.0552885 0.0456731
2 0.90625 0.700721 0.1875 0.247596
2 0.0588942 0.737981 0.117788 0.182692
