9 0.284856 0.49399 0.0168269 0.0168269
0 0.0204327 0.552885 0.0360577 0.0528846
0 0.319712 0.53726 0.0144231 0.0408654
2 0.460337 0.495192 0.0264423 0.0192308
9 0.223558 0.496394 0.0144231 0.0168269
9 0.199519 0.481971 0.0144231 0.0216346
9 0.340144 0.441106 0.0168269 0.0264423
0 0.282452 0.544471 0.0168269 0.0552885
9 0.950721 0.445913 0.0264423 0.0360577
0 0.94351 0.532452 0.03125 0.0985577
0 0.153846 0.542067 0.0288462 0.0745192
2 0.426683 0.538462 0.0649038 0.0528846
0 0.245192 0.610577 0.0576923 0.163462
2 0.711538 0.581731 0.307692 0.110577
