2 0.558894 0.509615 0.0264423 0.0144231
2 0.69351 0.538462 0.0697115 0.0384615
2 0.567308 0.510817 0.0240385 0.0168269
2 0.664663 0.532452 0.0504808 0.03125
2 0.59375 0.516827 0.0336538 0.0240385
0 0.225962 0.534856 0.0240385 0.0889423
9 0.341346 0.442308 0.0240385 0.0288462
2 0.584135 0.514423 0.0288462 0.0240385
2 0.643029 0.530048 0.0456731 0.0360577
0 0.263221 0.520433 0.0216346 0.0793269
0 0.155048 0.538462 0.03125 0.0865385
2 0.424279 0.538462 0.0600962 0.0528846
5 0.895433 0.52524 0.209135 0.209135
