9 0.199519 0.481971 0.0144231 0.0264423
0 0.0192308 0.551683 0.0384615 0.0552885
9 0.294471 0.491587 0.0168269 0.0168269
2 0.461538 0.5 0.0288462 0.0288462
0 0.294471 0.536058 0.03125 0.0961538
2 0.707933 0.540865 0.0600962 0.0384615
2 0.582933 0.513221 0.0264423 0.0216346
9 0.340144 0.450721 0.0216346 0.0456731
0 0.139423 0.612981 0.0961538 0.153846
0 0.225962 0.534856 0.0240385 0.0841346
2 0.567308 0.510817 0.0240385 0.0168269
2 0.594952 0.518029 0.0360577 0.0264423
2 0.634615 0.527644 0.0432692 0.0360577
0 0.94351 0.532452 0.03125 0.0985577
1 0.120192 0.623798 0.149038 0.0985577
2 0.65625 0.532452 0.0576923 0.0360577
9 0.948317 0.445913 0.0216346 0.0360577
0 0.103365 0.584135 0.0576923 0.125
2 0.426683 0.539663 0.0649038 0.0504808
2 0.971154 0.584135 0.0576923 0.0961538
