9 0.260817 0.481971 0.0168269 0.0216346
9 0.512019 0.492788 0.0144231 0.0144231
0 0.0192308 0.550481 0.0384615 0.0576923
9 0.307692 0.473558 0.00961538 0.0144231
2 0.461538 0.495192 0.0288462 0.0192308
2 0.604567 0.520433 0.0264423 0.03125
0 0.22476 0.538462 0.0216346 0.0817308
2 0.567308 0.510817 0.0240385 0.0168269
0 0.508413 0.532452 0.0264423 0.0793269
2 0.664663 0.53125 0.0456731 0.0288462
0 0.334135 0.534856 0.0288462 0.0841346
2 0.582933 0.514423 0.0264423 0.0240385
0 0.94351 0.530048 0.03125 0.103365
2 0.703125 0.540865 0.0649038 0.0384615
9 0.342548 0.44351 0.0216346 0.0264423
2 0.643029 0.530048 0.0456731 0.0360577
0 0.263221 0.524038 0.0216346 0.0769231
9 0.949519 0.445913 0.0240385 0.0360577
0 0.155048 0.53125 0.03125 0.100962
2 0.426683 0.540865 0.0600962 0.0528846
