2 0.461538 0.495192 0.0288462 0.0192308
2 0.502404 0.50601 0.0240385 0.0168269
0 0.550481 0.534856 0.0288462 0.0793269
0 0.258413 0.53125 0.0216346 0.0625
2 0.664663 0.532452 0.0456731 0.03125
2 0.603365 0.520433 0.0288462 0.03125
9 0.199519 0.483173 0.0144231 0.0240385
9 0.253606 0.483173 0.0120192 0.0144231
0 0.983173 0.646635 0.0336538 0.0961538
9 0.22476 0.491587 0.0120192 0.0120192
9 0.342548 0.44351 0.0216346 0.03125
2 0.585337 0.514423 0.0264423 0.0240385
0 0.94351 0.533654 0.03125 0.0961538
2 0.699519 0.539663 0.0721154 0.0408654
2 0.643029 0.530048 0.0456731 0.0360577
9 0.950721 0.445913 0.0216346 0.0360577
2 0.425481 0.53726 0.0625 0.0504808
2 0.165865 0.584135 0.322115 0.105769
