9 0.106971 0.473558 0.0120192 0.0144231
9 0.294471 0.491587 0.0168269 0.0168269
2 0.560096 0.509615 0.0240385 0.0144231
2 0.663462 0.530048 0.0480769 0.0264423
0 0.0204327 0.550481 0.0360577 0.0576923
2 0.461538 0.495192 0.0288462 0.0192308
9 0.377404 0.473558 0.0144231 0.0144231
2 0.567308 0.512019 0.0240385 0.0192308
9 0.342548 0.44351 0.0216346 0.03125
2 0.697115 0.542067 0.0721154 0.0360577
2 0.645433 0.528846 0.0504808 0.0336538
2 0.584135 0.513221 0.0240385 0.0216346
0 0.942308 0.539663 0.0288462 0.0889423
1 0.984375 0.632212 0.03125 0.0528846
9 0.948317 0.445913 0.0216346 0.0360577
0 0.697115 0.653846 0.0673077 0.197115
2 0.426683 0.539663 0.0649038 0.0552885
0 0.102163 0.592548 0.0504808 0.141827
