9 0.888221 0.481971 0.0120192 0.0168269
9 0.376202 0.473558 0.0120192 0.0144231
0 0.0204327 0.550481 0.0360577 0.0576923
1 0.205529 0.558894 0.0216346 0.0408654
9 0.341346 0.44351 0.0192308 0.03125
2 0.463942 0.501202 0.0336538 0.0264423
2 0.603365 0.519231 0.0288462 0.0288462
2 0.567308 0.512019 0.0240385 0.0192308
2 0.652644 0.532452 0.0504808 0.0360577
2 0.59375 0.514423 0.0336538 0.0240385
2 0.582933 0.513221 0.0264423 0.0216346
2 0.703125 0.540865 0.0649038 0.0384615
0 0.0841346 0.542067 0.0288462 0.0889423
0 0.292067 0.542067 0.0264423 0.0745192
9 0.948317 0.444712 0.0216346 0.0336538
2 0.638221 0.527644 0.0456731 0.0360577
0 0.944712 0.534856 0.0288462 0.09375
2 0.426683 0.539663 0.0649038 0.0552885
0 0.879808 0.651442 0.0673077 0.182692
0 0.117788 0.578125 0.0480769 0.132212
