9 0.294471 0.490385 0.0168269 0.0192308
2 0.604567 0.518029 0.0264423 0.0264423
0 0.0204327 0.551683 0.0360577 0.0552885
9 0.376202 0.473558 0.0168269 0.0144231
2 0.461538 0.496394 0.0288462 0.0216346
2 0.705529 0.539663 0.0552885 0.0360577
9 0.878606 0.479567 0.0120192 0.0216346
9 0.341346 0.441106 0.0192308 0.0264423
2 0.567308 0.510817 0.0240385 0.0168269
2 0.582933 0.513221 0.0264423 0.0216346
2 0.655048 0.53125 0.0552885 0.0336538
2 0.634615 0.527644 0.0432692 0.0360577
9 0.949519 0.444712 0.0240385 0.0336538
0 0.94351 0.53726 0.03125 0.0889423
0 0.106971 0.586538 0.0504808 0.144231
0 0.75601 0.655048 0.103365 0.189904
2 0.426683 0.538462 0.0649038 0.0528846
