9 0.389423 0.49399 0.0144231 0.0168269
2 0.617788 0.522837 0.0432692 0.0168269
2 0.645433 0.528846 0.0600962 0.0240385
0 0.215144 0.539663 0.0264423 0.0649038
9 0.367788 0.485577 0.0144231 0.0144231
2 0.629808 0.527644 0.0432692 0.0216346
0 0.316106 0.53726 0.0216346 0.0456731
2 0.454327 0.502404 0.0240385 0.0192308
0 0.956731 0.552885 0.0288462 0.0480769
9 0.842548 0.456731 0.0120192 0.0288462
0 0.0144231 0.570913 0.0288462 0.09375
2 0.423077 0.536058 0.0528846 0.0432692
2 0.88101 0.698317 0.237981 0.262019
2 0.078125 0.719952 0.15625 0.209135
