2 0.706731 0.538462 0.0528846 0.0288462
2 0.603365 0.519231 0.0288462 0.0288462
2 0.504808 0.504808 0.0288462 0.0192308
0 0.94351 0.53726 0.03125 0.09375
2 0.46274 0.502404 0.03125 0.0288462
9 0.341346 0.441106 0.0144231 0.0216346
9 0.682692 0.49399 0.0144231 0.0168269
0 0.0192308 0.551683 0.0336538 0.0552885
2 0.582933 0.514423 0.0264423 0.0240385
2 0.592548 0.518029 0.0360577 0.0264423
2 0.566106 0.510817 0.0216346 0.0168269
2 0.637019 0.526442 0.0432692 0.0336538
9 0.949519 0.444712 0.0240385 0.0336538
0 0.155048 0.53726 0.03125 0.0889423
2 0.426683 0.539663 0.0649038 0.0552885
0 0.669471 0.622596 0.0745192 0.158654
