2 0.581731 0.513221 0.0288462 0.0168269
2 0.465144 0.503606 0.03125 0.03125
2 0.664663 0.53125 0.0456731 0.0288462
0 0.941106 0.532452 0.03125 0.0985577
2 0.567308 0.510817 0.0240385 0.0168269
9 0.342548 0.450721 0.0216346 0.0408654
0 0.223558 0.534856 0.0240385 0.0889423
9 0.30649 0.472356 0.0120192 0.0168269
2 0.704327 0.540865 0.0673077 0.0384615
2 0.592548 0.518029 0.0360577 0.0264423
0 0.262019 0.522837 0.0240385 0.0793269
2 0.643029 0.530048 0.0456731 0.0360577
9 0.949519 0.444712 0.0240385 0.0336538
0 0.15625 0.53125 0.0336538 0.100962
2 0.425481 0.539663 0.0625 0.0504808
