9 0.961538 0.489183 0.0192308 0.0216346
9 0.269231 0.489183 0.0144231 0.0168269
9 0.334135 0.478365 0.00961538 0.0144231
1 0.614183 0.557692 0.0360577 0.0384615
9 0.201923 0.483173 0.0144231 0.0192308
9 0.41226 0.492788 0.0168269 0.0144231
9 0.734375 0.471154 0.00721154 0.0144231
2 0.484375 0.504808 0.03125 0.0336538
2 0.585337 0.509615 0.0216346 0.0144231
9 0.301683 0.480769 0.0168269 0.0288462
9 0.366587 0.44351 0.0264423 0.0264423
9 0.229567 0.483173 0.0120192 0.0192308
2 0.667067 0.530048 0.0456731 0.0360577
9 0.96274 0.444712 0.0264423 0.0384615
0 0.956731 0.53125 0.0336538 0.0961538
2 0.716346 0.538462 0.0817308 0.0432692
2 0.449519 0.534856 0.0576923 0.0552885
5 0.105769 0.519231 0.206731 0.216346
