0 0.0180288 0.551683 0.03125 0.0552885
2 0.604567 0.524038 0.0264423 0.0288462
0 0.199519 0.528846 0.0288462 0.100962
2 0.461538 0.496394 0.0288462 0.0216346
9 0.341346 0.442308 0.0192308 0.0288462
2 0.664663 0.532452 0.0504808 0.03125
2 0.705529 0.540865 0.0600962 0.0384615
2 0.585337 0.514423 0.0264423 0.0240385
2 0.59375 0.518029 0.0336538 0.0264423
2 0.567308 0.512019 0.0240385 0.0192308
0 0.945913 0.533654 0.03125 0.0961538
2 0.640625 0.530048 0.0504808 0.0360577
9 0.949519 0.445913 0.0240385 0.0360577
0 0.284856 0.534856 0.03125 0.09375
0 0.96875 0.65024 0.0576923 0.170673
0 0.122596 0.573317 0.0480769 0.132212
0 0.0685096 0.540865 0.03125 0.0961538
2 0.426683 0.539663 0.0649038 0.0552885
